-6.687316687604609
-6.676947645503219
-6.668006807313773
-6.660388041803819
-6.653916514035784
-6.6485719766246865
-6.644130412467906
-6.640625815182609
-6.63787935581805
-6.635962845913925
-6.634730725658733
-6.634400241323043
-6.634736587181881
-6.635749735610976
-6.637693216153557
-6.640483588961152
-6.644048480349307
-6.648558064363535
-6.654076750915059
-6.660794532482325
-6.668563118819127
-6.67758992191295
-6.687973577717672
-6.69981826232558
-6.713116167659225
-6.728323479181282
-6.7452013723044795
-6.763969626814482
-6.784725442838065
-6.80767157682988
-6.832651640655204
-6.859955993806888
-6.889511656938292
-6.9214580918209
-6.95568563247274
-6.992296647203415
-7.031260967856846
-7.072532683603562
-7.116166280682467
-7.161974365606421
-7.210100034500307
-7.260443262111199
-8.0
-8.0
-8.0
-8.0
-8.0
-8.0
-8.0
-8.0
-6.631585775089105
-6.622191376517492
-6.614180390789966
-6.607242291258918
-6.601576638450526
-6.59671336144053
-6.592793444747106
-6.589745463790576
-6.58739992164294
-6.585719974769629
-6.5849153969221845
-6.584743648976954
-6.58532316770175
-6.586667571054605
-6.588685534249383
-6.5916446115238685
-6.59535882419284
-6.600000495121842
-6.605635905983033
-6.612340894025418
-6.620200231522229
-6.629306761147971
-6.6397602340388495
-6.65166580856026
-6.665132185819877
-6.6802693834493425
-6.697186181825295
-6.71598731498328
-6.736770518612267
-6.759623584736495
-6.784621600949456
-6.811939963312532
-6.841506174870229
-6.873345170386667
-6.907578719798934
-6.944080032953717
-6.98293606346882
-7.024103531093498
-7.067526400386512
-7.113252434624467
-7.161205048582957
-7.21129849335238
-7.2636625723712775
-8.0
-8.0
-8.0
-8.0
-8.0
-8.0
-8.0
-6.576574170295505
-6.5680504031115685
-6.560883900880372
-6.554672724426715
-6.549519573176738
-6.545320866801065
-6.54176292052421
-6.539134614636358
-6.537158079233103
-6.535803290542356
-6.535285741642845
-6.535367697895336
-6.536171686461993
-6.53759872049271
-6.539908698601299
-6.542907568421726
-6.546759662477916
-6.551639150333262
-6.557382152288983
-6.564066103365266
-6.572008828893785
-6.581188436617179
-6.591705686920898
-6.603666621128121
-6.617180710568436
-6.632242916000034
-6.649194057671947
-6.668023637283732
-6.688829819449282
-6.711700765205425
-6.736711884474341
-6.763923468137095
-6.793494316635705
-6.825334199078786
-6.859450116397758
-6.895946647389884
-6.934681326680574
-6.9757279237439125
-7.019032988427524
-7.06453381547613
-7.112275173437616
-7.1621809597199375
-7.214282628458099
-7.2686003816089455
-8.0
-8.0
-8.0
-8.0
-8.0
-8.0
-6.522226967884216
-6.514597316326125
-6.508080518885591
-6.502648613650406
-6.497953474595753
-6.494256201965739
-6.491137241742896
-6.488777933042998
-6.4871408341092245
-6.486201792848015
-6.485832451767982
-6.486148385671197
-6.487159484338001
-6.488769901471581
-6.491242301499136
-6.494384932839559
-6.498364204379669
-6.503240154288135
-6.509082338335344
-6.5159694594987565
-6.523988800621162
-6.5331195615234865
-6.543695099759369
-6.555706407570185
-6.569147875969932
-6.584362313343724
-6.601343815995621
-6.620198032976387
-6.640907781645522
-6.663792878468513
-6.688813250603594
-6.716029348368236
-6.7456002023867265
-6.777320133827342
-6.811427400549871
-6.8477960480392905
-6.886514864586671
-6.927427973458277
-6.970598882403071
-7.015967435341365
-7.0635827437756005
-7.11326081977946
-7.165158881996203
-7.219086471436038
-7.275299311880144
-8.0
-8.0
-8.0
-8.0
-8.0
-6.4686094056328605
-6.461789044590408
-6.455851735317507
-6.45090625250302
-6.446853184065536
-6.4434981616818305
-6.440781796463241
-6.438776516754444
-6.43745146481109
-6.436671622767435
-6.436545965560536
-6.437077556900222
-6.438279630444749
-6.440059205964205
-6.442565371254244
-6.445956674205631
-6.450053233113362
-6.455032776698936
-6.460966289668051
-6.467817815996386
-6.4759075526477226
-6.4852155789959145
-6.495728564506152
-6.507785725879766
-6.521382010232191
-6.53651342040692
-6.553521819565951
-6.572281688133507
-6.593123260047049
-6.616019432295308
-6.64104594182007
-6.668263289437804
-6.697714961705063
-6.72942638878303
-6.763404752908561
-6.799755111455776
-6.838335498732834
-6.879221131461964
-6.922245667684495
-6.967465799892465
-7.014933382036669
-7.06435383832361
-7.116007180029961
-7.169714361995675
-7.225523337599981
-8.0
-8.0
-8.0
-8.0
-8.0
-6.415554738677576
-6.409350366110341
-6.404046483358564
-6.3996509904800325
-6.395960952580789
-6.393026178185776
-6.390678980487916
-6.38899877946581
-6.387844202543794
-6.38743425079964
-6.387416670567931
-6.3881469360303
-6.389525014317098
-6.391460540655888
-6.3941048286360225
-6.397618395990156
-6.401823062399489
-6.406782090277273
-6.412799701022957
-6.419841012847742
-6.42799540263632
-6.437243859181013
-6.44792138648314
-6.459904489992856
-6.473536135810516
-6.488812768985555
-6.505729236582049
-6.524623429948204
-6.545362761405935
-6.568267506712003
-6.593181986761523
-6.620398092586211
-6.649843505133062
-6.681543483402858
-6.715504981967011
-6.751832907115063
-6.790269518746076
-6.831121058910077
-6.873990311071154
-6.919165392924187
-6.966353960797915
-7.015609360440604
-7.066986789149581
-7.120430039638891
-7.1760003909767835
-7.233643472205341
-8.0
-8.0
-8.0
-8.0
-6.362899870032072
-6.357360544249339
-6.352632758188593
-6.3487387859744375
-6.345487229506464
-6.342820503722258
-6.340811804098672
-6.339430056023821
-6.338539115507129
-6.338246056639436
-6.338551234679615
-6.339464433186522
-6.340888488302283
-6.342967720285703
-6.345855338980117
-6.349365517115288
-6.353553798005653
-6.358716693987787
-6.364811686216781
-6.371920918582448
-6.380018782336221
-6.389434720508178
-6.4001567935210035
-6.412177913384956
-6.42584163177651
-6.441028902694302
-6.457966586830948
-6.47687695801534
-6.497627600438204
-6.5205388672043165
-6.545455043201144
-6.572667971587638
-6.602105133870212
-6.633791520583672
-6.667733734549307
-6.703920730461484
-6.74232545691974
-6.783022797899579
-6.825846030346986
-6.870852524399156
-6.917865627923098
-6.966940005857958
-7.018133623820085
-7.0712804977098225
-7.126566095675632
-7.183836846459918
-7.24339528026485
-8.0
-8.0
-8.0
-6.310837055871003
-6.305901069403476
-6.3015805404959195
-6.298144090187237
-6.295176699531434
-6.292862324976795
-6.291164006626175
-6.290056245142137
-6.289407571729535
-6.28932896510263
-6.289707939995936
-6.290789567491343
-6.292362975642947
-6.294690636948779
-6.297579422271717
-6.301193376230834
-6.30558935921336
-6.310717181570428
-6.316883363887884
-6.324055029678143
-6.332207386513506
-6.341670634283974
-6.352317560793416
-6.364489227073395
-6.378066175156286
-6.393393126303774
-6.410349655408882
-6.429158350046872
-6.45003422975403
-6.472834576964358
-6.497866683614715
-6.524959243724514
-6.554386749189008
-6.58594238782253
-6.619863763618012
-6.656023585988673
-6.694394175144149
-6.735049806120764
-6.777707482913591
-6.822539731197111
-6.869484858859241
-6.918482229325535
-6.969360746970351
-7.022302749154247
-7.077269512853153
-7.134232246590625
-7.193283577742694
-7.254514199664781
-8.0
-8.0
-6.259209754435085
-6.254704795626021
-6.250978630118485
-6.247726222374816
-6.245242101414654
-6.24325031581261
-6.241720126318879
-6.240863882854823
-6.240437813070285
-6.240440160095954
-6.241110153164136
-6.242346784881576
-6.244057624168776
-6.246391052137552
-6.24938780983152
-6.253097312497032
-6.257577724752695
-6.26278000720505
-6.269011661338554
-6.2762407004049505
-6.284443086367508
-6.293949695351521
-6.304633860280407
-6.316837158847122
-6.330440488537868
-6.3456730907856445
-6.362762283771269
-6.381583282890416
-6.402351281045584
-6.425270920992406
-6.450186244723566
-6.477273138013876
-6.506690022748654
-6.538229684442018
-6.5721292633736965
-6.6082608336267175
-6.646595969432122
-6.687092509724384
-6.729697752322157
-6.77446770313235
-6.8212243484107145
-6.870022070451219
-6.920689618971385
-6.973410589179343
-7.028034188422074
-7.084653029772453
-7.143371356951789
-7.204186254106866
-7.2673195722905275
-8.0
-6.20798192572651
-6.2038583179226245
-6.200567247667855
-6.197696258596423
-6.195430839515118
-6.19373464127039
-6.192465536978134
-6.191840185666544
-6.191618634771293
-6.191802267132653
-6.192633033693414
-6.1938961359148035
-6.195733522968794
-6.198179140002044
-6.201275282839508
-6.205072727347367
-6.209630830825376
-6.215017563761489
-6.221193461386384
-6.228475209668771
-6.236723517110572
-6.24626986502788
-6.256988096257972
-6.269104371509172
-6.28284754159565
-6.298099524989381
-6.315087908770781
-6.334035527602857
-6.3548101196388975
-6.37761637033036
-6.402645607588128
-6.429726066766798
-6.459015966325903
-6.4906549203587085
-6.524416514396837
-6.560519403505069
-6.5987028699587595
-6.639155231829407
-6.6817069607703585
-6.726412906424482
-6.772978185715695
-6.8215717591294665
-6.872136790338071
-6.924625935132806
-6.979004694672489
-7.035253933919738
-7.093600371095237
-7.153940015180395
-7.216520702898464
-7.2815811423513175
-6.157003505839074
-6.153450230696464
-6.150439109820469
-6.147916587180271
-6.145957973245972
-6.144416099850862
-6.143502806254843
-6.142973071037483
-6.14282316458558
-6.14328969050548
-6.144152156665941
-6.145662609354675
-6.147616384355227
-6.150165203819929
-6.153352780402925
-6.1571151309107925
-6.161744701309419
-6.16719441266605
-6.17342565315392
-6.1807558135332865
-6.189046263799211
-6.198629027752659
-6.209378424474457
-6.221521009518894
-6.235285972668872
-6.2505554653721855
-6.267557268463349
-6.286398516664186
-6.307294455975975
-6.330102234978583
-6.355013099605862
-6.3820866887213406
-6.411480841353635
-6.442987393061347
-6.476726717674268
-6.512800968280772
-6.550948536232152
-6.591356739525938
-6.633854811233029
-6.678380597281926
-6.724868960453809
-6.773371661485094
-6.8237148496136655
-6.875965598185928
-6.930088897111201
-6.986066442879453
-7.043898830679781
-7.103835326319124
-7.166024847379797
-7.230508327050205
-6.106478097809609
-6.103220858164724
-6.100455189376539
-6.098367824787945
-6.0965735723134244
-6.095396317196427
-6.094586262016731
-6.09425116111159
-6.094273876033082
-6.094893560350607
-6.095891971127123
-6.097406984539054
-6.099467864740963
-6.102111655158156
-6.105383363597985
-6.109336144668746
-6.113915467056304
-6.119423073859982
-6.125705171107643
-6.133079786027558
-6.141408903999103
-6.151025035866371
-6.161802944893837
-6.173969541251283
-6.187754316545779
-6.203039639904236
-6.220053457433169
-6.238902997351165
-6.2596877164589575
-6.282612169578872
-6.307519981236352
-6.334586393473305
-6.363853136163293
-6.395458971051623
-6.429176263725371
-6.465106522988499
-6.50333451133878
-6.543583419694243
-6.58602847946749
-6.630374555533989
-6.676786246211556
-6.725197757212163
-6.775317621305106
-6.827442274007703
-6.88130402048103
-6.936884059664533
-6.994529693097566
-7.0540335638912905
-7.115670418245124
-7.179501439490495
-6.056144050243723
-6.053263158215312
-6.050828129843805
-6.048915465265193
-6.047494899682022
-6.046428709662978
-6.045820186031278
-6.045547542575419
-6.045845062176771
-6.046489355976855
-6.04772889996556
-6.049354869609364
-6.0515142177412615
-6.054129318957282
-6.057478397195593
-6.061499617539439
-6.066255340926854
-6.071700205988118
-6.0781449406891275
-6.085444450402284
-6.093809040838367
-6.103455744643203
-6.114259738851345
-6.1264482526013255
-6.140251046729573
-6.155550693487932
-6.1725752801070355
-6.191432112147731
-6.212220655595025
-6.235029590188983
-6.260049852351836
-6.287108973195122
-6.3163641767120975
-6.347837979390372
-6.38153377825036
-6.417552307946534
-6.45563005833455
-6.495836495816083
-6.538229737056782
-6.582513044593554
-6.6288492581646015
-6.677054851390045
-6.727067379646141
-6.778949722190856
-6.832547411953562
-6.8879550609332725
-6.945172997856347
-7.004340815146216
-7.065392933001458
-7.128747438044394
-6.006209517333584
-6.00355511359947
-6.001422134072831
-5.999775916771374
-5.9984744709898115
-5.997616884386725
-5.997193264583331
-5.9970846971281775
-5.997527857331431
-5.998301501653586
-5.999539827658501
-6.0012678433259
-6.0035177538294455
-6.006329179808102
-6.009749392569641
-6.013717554606771
-6.018528810590812
-6.0240225902250994
-6.030510214730085
-6.037847202625258
-6.0462443282208564
-6.0559190393468665
-6.066746898046543
-6.0789554207827035
-6.092774608965185
-6.108087224167493
-6.12512147426238
-6.1439847286902385
-6.164776452672225
-6.187585255168732
-6.212486112504181
-6.239653778234276
-6.268897668480891
-6.300355681784463
-6.334030636694577
-6.369906753594058
-6.407951215627468
-6.4482323497266005
-6.490459595376667
-6.5346819685333335
-6.580944669596788
-6.629061986835877
-6.678853273124172
-6.73061016725868
-6.783943896954558
-6.839177537395444
-6.8960778212331535
-6.954783472880742
-7.0154605545136715
-7.078188120987576
-5.956417599142519
-5.954076482981843
-5.952219583325928
-5.950700794841016
-5.949615220555902
-5.948948904047765
-5.94869494870224
-5.9487370212145665
-5.949313959886735
-5.950206459141443
-5.9515503682850825
-5.953372153085453
-5.955705296400671
-5.958474535960702
-5.961960133933393
-5.966102101431631
-5.970848432826852
-5.976503063890773
-5.982914147153287
-5.990285528594806
-5.998828367889372
-6.008412855778396
-6.019262546854522
-6.031489338537998
-6.04532344757047
-6.060647811792182
-6.07769074233644
-6.096559661315234
-6.117354025529945
-6.140162369050972
-6.165059519539246
-6.192104183982422
-6.221452914166903
-6.2528956939888465
-6.2865506063659895
-6.3224011567673415
-6.360413638656158
-6.400539506006877
-6.442718463368059
-6.48699790144948
-6.533073793602085
-6.580989785552308
-6.630794092354981
-6.682312539226457
-6.735500167110746
-6.79044539335983
-6.847027129950171
-6.905381260361412
-6.9656723996558725
-7.027865821574391
-5.906863698720983
-5.9048086648006155
-5.903087786607411
-5.901792357448145
-5.900904589868619
-5.900413679221517
-5.900315418106411
-5.900495796147531
-5.901079487513074
-5.902081227611305
-5.90352219070047
-5.905430172113671
-5.907839822190784
-5.910792911728492
-5.914222631468901
-5.918417723803807
-5.923210957467937
-5.928906824305802
-5.9353540793299295
-5.942757016290267
-5.951327193877835
-5.960935195533388
-5.9718048591854895
-5.98404833269573
-5.997896025859835
-6.013231040467373
-6.030281776152932
-6.049155698379295
-6.069952249743866
-6.092759887245009
-6.117653291408689
-6.144690942658584
-6.173913256066283
-6.205457264976085
-6.239093018574504
-6.274919160760855
-6.312901120103971
-6.3529892843065925
-6.395122055909024
-6.43922946924915
-6.485237205605669
-6.533186637913895
-6.582776020053897
-6.634175476499345
-6.6871050223982405
-6.741880779237205
-6.798146069355017
-6.856264104391628
-6.9160494831541826
-6.97781226221278
-5.857528205697952
-5.85561810249066
-5.854244679747004
-5.853153714338049
-5.852447200283877
-5.852000919998061
-5.85204554316844
-5.852352902136461
-5.8530494498137955
-5.8541514997232005
-5.855681606019761
-5.857668774644651
-5.860032732675192
-5.863048154567562
-5.866649049144512
-5.870777001695815
-5.8757292200903155
-5.881347030877379
-5.88782748185619
-5.895375239503932
-5.903854599716191
-5.913484136975997
-5.924372070913008
-5.936746633323582
-5.950490841732997
-5.965835515906797
-5.982893276231781
-6.001771623778993
-6.022569982679544
-6.045376732198163
-6.070266408842347
-6.097297273592634
-6.126509435042785
-6.157923693803839
-6.191541228389435
-6.227344183115092
-6.265412978160241
-6.305465314763148
-6.347554160660048
-6.391608013289863
-6.43755069863096
-6.485305581487564
-6.534799890855676
-6.586084866342119
-6.638876862182467
-6.69337230307293
-6.749441345631903
-6.807211097457693
-6.86660698796866
-6.927935257453769
-5.808276673804829
-5.8067220386931755
-5.805443646247795
-5.804540051111084
-5.803999750220723
-5.803701087585809
-5.803876846093525
-5.80430078715637
-5.805100979591971
-5.806295171167204
-5.807791157072233
-5.809851080392011
-5.812395603966957
-5.815352340086949
-5.819003932631399
-5.8231767309139455
-5.828168465766011
-5.83382104968978
-5.840447845846751
-5.847906240267529
-5.856408584425853
-5.8660578427615295
-5.876962488715472
-5.889350952045749
-5.90310643932061
-5.918459878613132
-5.935523966654398
-5.954406233700008
-5.975206082383906
-5.998011814760525
-6.022897827624962
-6.049922170896506
-6.079124659499665
-6.110525703686353
-6.14412597755309
-6.179906985775767
-6.217832522437386
-6.257850952786169
-6.299898197789901
-6.343901269034912
-6.389782190938272
-6.437462157764808
-6.486981626385676
-6.538041286587756
-6.5907013387378335
-6.644922420146841
-6.700801458029616
-6.7582287471233435
-6.817355471904085
-6.878251031689252
-5.759325636265465
-5.757873192639807
-5.756788412499808
-5.756056492636777
-5.75566858936898
-5.75550534676623
-5.755685333765132
-5.756216347899262
-5.757111745453827
-5.758390580808408
-5.760077812273787
-5.762204560724353
-5.76469242821651
-5.767817705059769
-5.771399932162421
-5.7757297993949726
-5.780641906735096
-5.786326398709467
-5.792981110332638
-5.800463844767371
-5.808987249499335
-5.818654564593411
-5.829690345816794
-5.841975653010789
-5.8557414174267555
-5.871102813657852
-5.888172606294337
-5.907058349453807
-5.927859422232845
-5.9506640509087765
-5.975546497735959
-6.002564610823709
-6.031757925174416
-6.063146479409257
-6.096730467457041
-6.132490784690019
-6.170390461789411
-6.210376916545151
-6.252384902807348
-6.296340003516316
-6.342162504255508
-6.389771494510527
-6.439089072145509
-6.490044567040856
-6.542578746328067
-6.596648010594599
-6.652344428034806
-6.709436843397573
-6.7683018695188
-6.828654997436428
-5.710543490915741
-5.709291036202209
-5.708383512054731
-5.707692674706436
-5.707444522878526
-5.707405519794329
-5.707695976674666
-5.708325241836404
-5.709308026592176
-5.710664573735161
-5.712304900281749
-5.714493011386454
-5.717151318453149
-5.720208938300059
-5.723949848022813
-5.728201563326072
-5.733146982043544
-5.738976620155146
-5.745541055714325
-5.75304610131299
-5.761588800349903
-5.771388500175839
-5.782322392943429
-5.794619305102145
-5.808394435381229
-5.823763057700036
-5.840837997086664
-5.859726827116671
-5.880528902100656
-5.903332374657062
-5.92821137827463
-5.955223569058688
-5.984408216387892
-6.0157850065933225
-6.049353678451747
-6.085094549423118
-6.122969925291659
-6.1629263227273094
-6.2048973832449335
-6.248807324718893
-6.294574766139889
-6.342116772123474
-6.3913529922175085
-6.4422098109214785
-6.49462447165579
-6.548549186414664
-6.6039552883110835
-6.66083752340655
-6.719334419546454
-6.7793856494599245
-5.661800047537269
-5.660730714366487
-5.659985613876398
-5.659439038490547
-5.659319057168228
-5.659394042137601
-5.6597858862930215
-5.660505345705823
-5.661568364600202
-5.662880259600032
-5.6647000000272785
-5.666828510735805
-5.6695368137873094
-5.672638788577447
-5.676418921008245
-5.6807053158107195
-5.685797177546618
-5.691537754956299
-5.6981256821655775
-5.705651174494132
-5.714211546114853
-5.72402636138866
-5.734973039503863
-5.747280550036953
-5.761064216808306
-5.776439403773997
-5.793518989894648
-5.8124105645651625
-5.833213456688746
-5.856015747845215
-5.880891448925388
-5.9078980341402385
-5.9370745217871255
-5.96844026547491
-6.001994574118259
-6.037717219072781
-6.075569820431488
-6.115498041278715
-6.1574344675792565
-6.201302018990115
-6.247017725360378
-6.294496714493018
-6.343540416235382
-6.394304093101415
-6.446605722941212
-6.500393430545332
-6.555633687302549
-6.612315499104717
-6.670454871028198
-6.730215549283836
-5.613199052298853
-5.6122973757897014
-5.611701093379835
-5.61128677018859
-5.611168232039327
-5.611347843129672
-5.611832763272902
-5.612635029726387
-5.613771711150862
-5.6152651237807705
-5.617027130152766
-5.619323307192948
-5.621961587601858
-5.625220156922941
-5.628920387895998
-5.633238596914834
-5.638358461918189
-5.644123657053998
-5.6507331166249015
-5.6582773427251984
-5.6669697402910835
-5.676682545647697
-5.687640914230318
-5.699958103597082
-5.713749551729829
-5.729130704283681
-5.746214488436452
-5.765108506400916
-5.785912061543269
-5.80871316737877
-5.833585718591929
-5.860587017714151
-5.889755846506615
-5.92111124534979
-5.954652118475865
-5.990357722860943
-6.02818903215488
-6.068090903708615
-6.109994925542348
-6.153822787607617
-6.199490011077446
-6.246794016518179
-6.295881560817891
-6.346557624149058
-6.398752744100919
-6.452295195907198
-6.507378461231552
-6.563870037827959
-6.621779250904629
-6.6811461842321425
-5.564845075818165
-5.563980710843018
-5.5635208096629505
-5.563227744717121
-5.563217049861662
-5.56349261119715
-5.564062916854197
-5.564941168222315
-5.56614545772546
-5.567583016847556
-5.569514431770252
-5.571742142150258
-5.574538469684379
-5.577718451499704
-5.581451727373357
-5.585914980072506
-5.590944655780632
-5.596732417270849
-5.603361608460124
-5.611038839666846
-5.619630194159341
-5.629355670949083
-5.640324727577769
-5.652650755636521
-5.666449297346403
-5.681835872564846
-5.698923451654009
-5.7178196471726235
-5.7386237372008795
-5.761423670397762
-5.7862932317233575
-5.813289562193962
-5.842451221395141
-5.873796955666037
-5.907325289329053
-5.943014996236595
-5.980826442375588
-6.020703726850781
-6.062577497240433
-6.1063682827073125
-6.151990177499791
-6.199238847200372
-6.248258925710364
-6.298852792818755
-6.350947837532529
-6.40436849456223
-6.459303717414947
-6.51549955886708
-6.573190587706746
-6.632293226905693
-5.516494902977735
-5.515771243779591
-5.51543634861662
-5.515254473318898
-5.515342701163277
-5.51570629830719
-5.516354960336472
-5.517186952729082
-5.518453285629517
-5.520062008252449
-5.52192651772528
-5.5243137264062785
-5.527032771947522
-5.530247013989522
-5.534126468108542
-5.538500577284752
-5.543553814208544
-5.549362256358871
-5.556125372048041
-5.563702454558862
-5.572307374035962
-5.582044443151072
-5.593023270073186
-5.605357369134983
-5.619162377778749
-5.634553883312069
-5.651644894839093
-5.670543033232183
-5.691463377249219
-5.714262161535078
-5.739128896292875
-5.766120571065294
-5.795159709846775
-5.826496434374828
-5.860013088448808
-5.895687993291253
-5.933480945149728
-5.97333533148182
-6.015180916112353
-6.058937135761522
-6.104516739443737
-6.1517137395359285
-6.200670751721309
-6.251187691121437
-6.303073048647487
-6.356495300420263
-6.411291333868268
-6.467317734083781
-6.524802766666998
-6.583539201768166
-5.468255005708632
-5.4676602643617604
-5.467439965453968
-5.467360054928897
-5.467539024571134
-5.467867373562198
-5.468587939300676
-5.469599918304463
-5.470807235526132
-5.472466580835663
-5.474376119561664
-5.476803274652484
-5.4795577875496155
-5.482919327913386
-5.486710662709872
-5.491109299157633
-5.496184128895738
-5.5021273691429515
-5.508791174141805
-5.516382646914031
-5.524999980734938
-5.534747652992124
-5.545735410001538
-5.558076878518048
-5.571887783000223
-5.587283772114259
-5.604493713910455
-5.6233935837294355
-5.6441984402978695
-5.666996112662187
-5.691860185664726
-5.718847507068627
-5.747996233862772
-5.779324579928141
-5.81271454916703
-5.848375696155214
-5.886151458294986
-5.925984556714372
-5.967803926820136
-6.011527979920947
-6.057068200391623
-6.104217047507024
-6.15311522579578
-6.203560322553054
-6.255357979568041
-6.308673221671057
-6.363222800759568
-6.4192059864828925
-6.476381161345376
-6.534997488778799
-5.420116368079639
-5.419639765243797
-5.419408440797426
-5.419422069619195
-5.419684293481697
-5.420202772443481
-5.4209893033481205
-5.421944026138401
-5.423319526321015
-5.424909398477344
-5.426976127791918
-5.429324030359781
-5.432226953979242
-5.435501385102116
-5.4393181929649845
-5.44373930727562
-5.448949774284038
-5.454794498532916
-5.4614734662234605
-5.469078111291442
-5.477706803915929
-5.487464172678003
-5.498460090600513
-5.51080828742351
-5.524740393411543
-5.5401404545259
-5.557237379635829
-5.576138801492277
-5.596943926338392
-5.619740528537683
-5.644602102264792
-5.671585362903165
-5.700728285989193
-5.732048845542759
-5.76554456786902
-5.801077121930534
-5.838836932103394
-5.878650270930319
-5.920445298983112
-5.964139467317198
-6.009643074382682
-6.056747123868052
-6.105590516598865
-6.1559686479423075
-6.207684473742535
-6.260899739346827
-6.315327200958767
-6.371161290121106
-6.428154476335586
-6.486432825249216
-5.3720707114793305
-5.371702384646429
-5.371567396507367
-5.371666774574765
-5.372005342379788
-5.372591796768783
-5.373322858188155
-5.374447405222225
-5.375754884160247
-5.377503287153176
-5.379491959929071
-5.381873488281931
-5.384806200333769
-5.388107037155604
-5.3919471888769355
-5.396504754484505
-5.401617467477347
-5.407478086440891
-5.4141709349062825
-5.421787634472311
-5.430426717774438
-5.440192952171754
-5.451196326903666
-5.4636664896304055
-5.4774876632020595
-5.492891434630265
-5.509990907322281
-5.528893718195484
-5.549699051433759
-5.572494630081701
-5.597353863651074
-5.624333344167386
-5.653470878229931
-5.684784216600724
-5.718270597014745
-5.75379132762237
-5.791536355687115
-5.831331379890675
-5.873103837514415
-5.916770282239647
-5.962239902847997
-6.009302341702733
-6.058094802296045
-6.108410621457377
-6.160050229976286
-6.213172268984116
-6.267485725525933
-6.3231804266801515
-6.38000323172672
-6.4380733871334765
-5.324110432823026
-5.323841353883655
-5.323794696758051
-5.323972715991612
-5.324265310944429
-5.324914112878959
-5.325816665315714
-5.326874661362249
-5.328342024838406
-5.3300135747054345
-5.332036978600532
-5.334565198742326
-5.337409346452435
-5.340734380735421
-5.344595919569434
-5.349172329726165
-5.354301639095232
-5.360176809555536
-5.3668823619989405
-5.374510090406299
-5.383158676593191
-5.392933015295194
-5.404059023700096
-5.416418962229231
-5.430244604179642
-5.445651751232084
-5.462753532264814
-5.4816575874455475
-5.502463079978268
-5.525257684871803
-5.550114732740764
-5.577090700862581
-5.606223238812327
-5.637529889883357
-5.671007623613436
-5.706633234230459
-5.7442487614047995
-5.78402683255085
-5.825778390190684
-5.869419150946672
-5.914857267314692
-5.961996961950438
-6.010626291943225
-6.060884218546243
-6.112452953415988
-6.165488209050461
-6.219695427415616
-6.2752600718653815
-6.33192369979605
-6.389799069269574
-5.2762285482736075
-5.276050449329373
-5.275968761889544
-5.27621890666605
-5.276691722241147
-5.277281757682877
-5.278235206667345
-5.279338536720593
-5.280846183557446
-5.282553576860306
-5.284724691034356
-5.287165261776138
-5.29003445370091
-5.293381656213794
-5.297378625195776
-5.3018564505084385
-5.307000953765174
-5.312889442468074
-5.319606618824975
-5.3272444351505595
-5.335901710239065
-5.345799275342503
-5.356815676813007
-5.369180733303
-5.383010448823727
-5.398420667327731
-5.415524540695465
-5.434429711596539
-5.455235323368776
-5.478029006160334
-5.502884017191537
-5.529856727168163
-5.5589846399305465
-5.59028510625609
-5.623754846781724
-5.659370338434173
-5.697089051674627
-5.736735625019536
-5.778467852978224
-5.822084848742244
-5.867493798747752
-5.914597731472343
-5.963183241660676
-6.013387457286071
-6.065006265622093
-6.117844978541887
-6.171953357547911
-6.227396863233359
-6.283912059107109
-6.3416055569292755
-5.228302575500991
-5.228207900868493
-5.22831650998225
-5.228632786889854
-5.229048529299078
-5.2298069505948845
-5.230691158567378
-5.231951935546952
-5.233380627210361
-5.235236755927433
-5.237321137300342
-5.239787596813519
-5.242679731622784
-5.246163082397518
-5.250062126318437
-5.254555767190283
-5.25971417656005
-5.2656148514550285
-5.272342660646358
-5.279989701866795
-5.288770738001251
-5.298559242719459
-5.309581327489407
-5.3219510545301985
-5.335784483522088
-5.351197496967974
-5.368303267539945
-5.3872094397983625
-5.408015138338258
-5.430807951494373
-5.455661068317417
-5.482630760672844
-5.511754397323389
-5.543049150638936
-5.576511510566784
-5.612117659846412
-5.649824697289118
-5.689456803023505
-5.731171173548829
-5.774766204840741
-5.820148184166652
-5.867219027290231
-5.915763966565143
-5.965918414365906
-6.017476185239265
-6.070240045748197
-6.124372514103538
-6.179587452861188
-6.235964466439672
-6.293488455320353
-5.180558746827271
-5.180540527723199
-5.180717225107208
-5.180978158044341
-5.181563866254347
-5.1822544345196855
-5.183297362120408
-5.184480308935793
-5.1859428817483435
-5.187829089063029
-5.1899402055106485
-5.192430380425956
-5.195459375875959
-5.198845450855426
-5.20276091746551
-5.207269033030641
-5.212440166314082
-5.218351988461334
-5.225089521241586
-5.2328608134049555
-5.241533280867694
-5.251327968909976
-5.262355242920507
-5.2747292316215475
-5.288566045624142
-5.303981602597543
-5.321089094022071
-5.339996165850185
-5.360801925048093
-5.383593921043058
-5.408445279654202
-5.435412181189192
-5.464531869358358
-5.495821351392086
-5.529276903679967
-5.564874436534423
-5.602570704438998
-5.642305283895602
-5.683887353343075
-5.7274621054522825
-5.772819171064073
-5.819859430694863
-5.8684827004340905
-5.91847523671662
-5.969976473599501
-6.0226709498397115
-6.07671821250201
-6.131828547684563
-6.188077112285968
-6.245443366475302
-5.132875579712953
-5.1328114552702955
-5.13305057548124
-5.133483087757355
-5.134002357405717
-5.134852940184716
-5.135819179232732
-5.1370370472165945
-5.138646526886963
-5.140444431199324
-5.1425800370864625
-5.145207783303258
-5.14814014617803
-5.151543241483037
-5.15547373782985
-5.159995097091985
-5.1651778692238075
-5.171099885322346
-5.177962124709837
-5.185625297557603
-5.194304397856818
-5.204104733201229
-5.215136744392469
-5.227514621083826
-5.241354520484594
-5.2567723923508005
-5.273881445188471
-5.2927893259360195
-5.313595125021493
-5.336386355721101
-5.361236085271186
-5.388200409258073
-5.417316455740868
-5.448601079250805
-5.482050358689518
-5.517639952369225
-5.555326296120333
-5.595048566057254
-5.636731275196417
-5.680171495445185
-5.725505570062086
-5.772517590986548
-5.821106184053988
-5.871056149626384
-5.9225050818670795
-5.975135316641843
-6.0291036206975654
-6.084116939839444
-6.1402462630231325
-6.197465948159283
-5.0851320795879
-5.085248208051385
-5.085428607508898
-5.085912077495963
-5.086592681588753
-5.087367736778313
-5.088369952565413
-5.089735686213865
-5.091257713977503
-5.09308088641447
-5.095354775932361
-5.097886530476606
-5.100836505978993
-5.1042551772206615
-5.108199424461037
-5.112732897504411
-5.117926312762969
-5.123973465221527
-5.13072800212814
-5.13839821841561
-5.147083377235382
-5.156888869063052
-5.167925203846967
-5.180306627063106
-5.194149338556347
-5.209569317365557
-5.226679787418782
-5.245588396311174
-5.266394218990603
-5.289184735185771
-5.314032957912225
-5.3409949044334715
-5.370107595948414
-5.401387745921538
-5.4348312507996415
-5.470413536019362
-5.508090742821045
-5.5478016769654745
-5.5894703879525
-5.6328933788789906
-5.678206256164411
-5.725192227692584
-5.773748813722994
-5.823659462033411
-5.87506005197047
-5.927746743148717
-5.981526085017048
-6.036449528930961
-6.09258422788518
-6.14966791830695
-5.037555688618389
-5.037614750608746
-5.037963552423755
-5.03837782268929
-5.039100011628808
-5.039912117209089
-5.041063172035531
-5.042342315136086
-5.043890397067959
-5.045736708221656
-5.048031109597734
-5.050581067199029
-5.05354715985717
-5.056980080962531
-5.0609369052271855
-5.065481455110938
-5.070800417188714
-5.076740259266021
-5.083502220436124
-5.091178870413476
-5.099869561624985
-5.109679760573162
-5.1207200405995845
-5.133104698319074
-5.146949972587218
-5.162371869172394
-5.179483625981527
-5.198392891002604
-5.21919872472341
-5.2419885757767934
-5.266835407039697
-5.293795163426329
-5.322904767475223
-5.354180802433733
-5.387618996322204
-5.423194559563106
-5.4608633613044475
-5.500563865068002
-5.542219691760167
-5.585742643978606
-5.630920168899443
-5.677882131389927
-5.726409200686528
-5.776399416092849
-5.8276395214416095
-5.880271292479099
-5.933983066255694
-5.988939242169996
-6.044855612440504
-6.101813217337675
-4.989910219966807
-4.990139228460668
-4.990420180074266
-4.990993184676009
-4.991637588562788
-4.992599523436736
-4.993664861648273
-4.994970854701595
-4.996542794108735
-4.998526129348201
-5.000723463450625
-5.003290077658577
-5.006270914510041
-5.009716868241874
-5.013685192218413
-5.018355685382852
-5.023567710640622
-5.0295153352442785
-5.036284077713787
-5.043966602634224
-5.052662344342709
-5.062476839067455
-5.073520718259279
-5.085908325376513
-5.099755934969545
-5.1151795772115936
-5.132292502690905
-5.151202359581476
-5.172008194891698
-5.194797428463358
-5.219642976848545
-5.246600718178207
-5.275707483962681
-5.306979737328941
-5.340413050931332
-5.375982436820976
-5.413643513039298
-5.453334427127082
-5.494978404058235
-5.538486751894409
-5.583646311595574
-5.630586163431563
-5.679086034980371
-5.72904278796152
-5.780241725950583
-5.8328227947318005
-5.8864721466005765
-5.941351402964396
-5.997173027904888
-6.054013880780629
-4.942423752440997
-4.942586292301249
-4.943027238144501
-4.943523561844575
-4.944202911698391
-4.9451959111810275
-4.946288906994908
-4.947619485206581
-4.9493291104675174
-4.951215968244721
-4.953430499341115
-4.95601235041296
-4.959006671180231
-4.9624645404118235
-4.966559194401274
-4.97112311073092
-4.97634325995671
-4.982297992621214
-4.989072927122702
-4.996760815099159
-5.0054611660208135
-5.015279580046809
-5.0263267418827
-5.038717037890546
-5.052566775282422
-5.0679920065211475
-5.085105993711844
-5.1040163850593165
-5.124822215035392
-5.147610876857256
-5.172455244312804
-5.199411133930166
-5.228515293284238
-5.259784074759965
-5.293212907779374
-5.328776621495397
-5.366430602374814
-5.406112706447839
-5.447745793235529
-5.491240714051961
-5.5364995745908585
-5.583303254820732
-5.6317780847040595
-5.681704010196139
-5.732980854932971
-5.785399299599339
-5.839106905169879
-5.89379923708602
-5.949533280576321
-6.006382076795835
-4.894860813162831
-4.895184637330327
-4.895550030857675
-4.896082321843884
-4.896909543207437
-4.897815129115436
-4.898933448647441
-4.900402382989783
-4.902016125952186
-4.903920724354995
-4.906150985837042
-4.908746770567187
-4.9117534186255964
-4.915337998341675
-4.919326425906667
-4.923898795416591
-4.929126363952655
-4.935087586518338
-4.9418681731626
-4.949560955376085
-4.958265511522081
-4.968087500358467
-4.979137655383507
-4.991530402248385
-5.005382078052762
-5.020808755625952
-5.037923707548142
-5.056834581947812
-5.077640401668862
-5.100428535343115
-5.1252718173204626
-5.152226007347007
-5.181327775648386
-5.212593372566814
-5.246018095544744
-5.2815766051933295
-5.319224074544557
-5.358898090873661
-5.40052117663339
-5.444003761633381
-5.489247425695024
-5.536032404432429
-5.584484194453092
-5.634381740842829
-5.68562361550237
-5.737998968205286
-5.791653411333584
-5.846280185303502
-5.902049245191897
-5.958682276908841
-4.847334117399111
-4.847699469955886
-4.8481018747994336
-4.848782979485214
-4.84952361521329
-4.850455276032948
-4.851712632276504
-4.853086286725723
-4.854718319187927
-4.856639144493201
-4.8588837901580435
-4.8614923125380995
-4.864626048136602
-4.868104745513764
-4.872101946938308
-4.876682035761596
-4.881916377810066
-4.8878835239421266
-4.8946692682728585
-4.902366515508197
-4.911074907154062
-4.92090015565675
-4.9319530392033615
-4.944348019416687
-4.958201460747012
-4.973629454643642
-4.990745283233532
-5.009656594507444
-5.030462400560661
-5.053250047364189
-5.078092332942273
-5.105044964749028
-5.134144541777369
-5.165407220391404
-5.198828176476915
-5.234381915400682
-5.2720234135730255
-5.311690010630397
-5.353303918335529
-5.396775177796977
-5.442004883600734
-5.488888501285
-5.537203283112725
-5.587074722413095
-5.638284407877723
-5.690620071782794
-5.744225518359058
-5.798907721536085
-5.854486213475908
-5.911027051362485
-4.799956546491158
-4.800244053643972
-4.80079623540607
-4.801391599226712
-4.802159075294146
-4.8031146038880905
-4.804393152993163
-4.805785652814543
-4.80743441355099
-4.809370076335964
-4.811627870734166
-4.814363856651989
-4.817392050334075
-4.820879836711825
-4.824885049633986
-4.829472185284017
-4.834712709273188
-4.840685260375044
-4.847475709771591
-4.85517702925886
-4.863888918180286
-4.8737171381438245
-4.884772508247427
-4.89716952303886
-4.911024571999159
-4.926453763613856
-4.943570388734309
-4.962482095196673
-4.983287885203121
-5.006075083886608
-5.030916455865321
-5.057867660490752
-5.0869652312094145
-5.118225237885744
-5.151642744498485
-5.187192113472062
-5.224828140151917
-5.26448793609119
-5.306093426825037
-5.349554295231301
-5.394771188470046
-5.44163901421129
-5.489934341178299
-5.539781779196744
-5.590961854920484
-5.643376835942925
-5.696821310252132
-5.7514477716842505
-5.806957417552701
-5.863413177923711
-4.752493532283104
-4.752931802422223
-4.7533991065138315
-4.754022091812666
-4.7548141356514035
-4.755907346140991
-4.757089443620879
-4.7584991795835565
-4.7601632355996895
-4.762112460770034
-4.764498095625864
-4.767128878587866
-4.770166473316471
-4.773662558324601
-4.77767508426445
-4.7822686508560475
-4.7875148152235205
-4.7934922967219595
-4.800287037132861
-4.807992069681147
-4.816707146644876
-4.82653807461283
-4.837595710110028
-4.849994577808408
-4.863851090098856
-4.879281371070847
-4.896398719578871
-4.915310783333288
-4.9361165554818
-4.958903342053417
-4.983743877007479
-5.0106937755105605
-5.039789510758082
-5.071047073057095
-5.104461423416296
-5.1400067926940185
-5.1776378095482265
-5.217291375527413
-5.258889152578752
-5.302340493593769
-5.34754563341575
-5.394398965340872
-5.44279225286101
-5.492501814116697
-5.543654669968813
-5.596036034300101
-5.6494389917714445
-5.704014116374033
-5.759460316627419
-5.815953524467257
-4.705058463551917
-4.7055286365211195
-4.7060243603314085
-4.70667262779061
-4.707602999039788
-4.708600326441759
-4.709800175894508
-4.711225670973736
-4.712903707202035
-4.7148653248807335
-4.71726192360388
-4.7199024185732465
-4.72294859625926
-4.726452255902193
-4.730471455344267
-4.735070889258528
-4.740322198638048
-4.746304176636918
-4.753102829648551
-4.760811247080218
-4.7695292295977225
-4.779362624894274
-4.79042232369787
-4.802822878224101
-4.81668072183618
-4.832111992940731
-4.84922999777718
-4.868142384012358
-4.888948136573166
-4.911734544045455
-4.936574312324208
-4.9635230160633474
-4.992617073146965
-5.023872400778323
-5.057283865281028
-5.092825576471061
-5.13045200960052
-5.170099872906337
-5.211690585662891
-5.2551331969024915
-5.300327561686215
-5.347167599316619
-5.395544482475389
-5.445233805262237
-5.496361653162695
-5.548712114583987
-5.602192739305815
-5.656604758908105
-5.712108409717592
-5.768413405519439
-4.657764875769296
-4.65814838787377
-4.658670123826775
-4.659457377741889
-4.660292445379594
-4.661308049881611
-4.662524129710793
-4.663964028434675
-4.665654838330725
-4.6677435911084135
-4.670034385906205
-4.672683747188824
-4.6757377586064015
-4.679248330212613
-4.683273618166419
-4.687878404166086
-4.6931344060055515
-4.699120484353917
-4.705922704653355
-4.713634207602447
-4.72235483800324
-4.732190481024363
-4.743252058585608
-4.7556541480554815
-4.769513202004271
-4.784945372021372
-4.8020639712359365
-4.820976647433097
-4.841782378174045
-4.86456843621262
-4.889407501842486
-4.916355112653754
-4.9454476358311785
-4.976700921477834
-5.010109748919012
-5.04564811667037
-5.083270358850372
-5.122913005790339
-5.164497253389137
-5.207931870943705
-5.253116363818946
-5.2999442147370655
-5.348306051948497
-5.398092628554487
-5.449081687465548
-5.501403757035511
-5.554849259458029
-5.609217833612534
-5.6646676798385025
-5.720906084049672
-4.610378866951087
-4.610789137889882
-4.611450533914229
-4.612143075751627
-4.612996956120423
-4.614029270955802
-4.615260184774624
-4.616713243511948
-4.61853153825013
-4.6205147981973935
-4.62281474320723
-4.62547219645793
-4.628533356065082
-4.632050233758879
-4.636081075838836
-4.640690743718807
-4.645951025461
-4.651940843412624
-4.658746316855935
-4.666460633154178
-4.675183677182175
-4.685021368093158
-4.696084656110504
-4.708488141504432
-4.722348294459266
-4.7377812788107745
-4.754900414279222
-4.7738133490889005
-4.794619054379188
-4.817404788680187
-4.842243209042903
-4.869189819233786
-4.898280940034808
-4.929532360022458
-4.96293877864835
-4.998474092145552
-5.036092504842102
-5.075730383382783
-5.117308718084607
-5.160736020752523
-5.205911474823665
-5.252728161031798
-5.301076206165999
-5.35084573838188
-5.4018137344952954
-5.454109733598766
-5.507522966415861
-5.56185160044755
-5.6172519523190205
-5.6734290626289186
-4.563014368173067
-4.563449125234691
-4.564132276747705
-4.5648441785293175
-4.565715259066534
-4.566762846372206
-4.568007312961581
-4.56958821125545
-4.571301327275376
-4.57329402314784
-4.575602318854829
-4.578267155770136
-4.581334837105789
-4.584857467894409
-4.588893377099217
-4.593507499166095
-4.5987716864252555
-4.604764917473763
-4.611573360478173
-4.619290244918289
-4.628015491599576
-4.637855050002673
-4.6489198956267686
-4.661324649397794
-4.675185797733865
-4.6906195161730455
-4.707739131196487
-4.726652292208505
-4.747457965149735
-4.770243396034369
-4.795081220954453
-4.822026912869201
-4.8511167501078445
-4.882366464838527
-4.915770683196599
-4.951303207450246
-4.98891812260866
-5.028551644751681
-5.070124575019496
-5.113545188219241
-5.158712371451171
-5.205518835380447
-5.253854245063617
-5.303608153015091
-5.354556830256658
-5.406828903187774
-5.460212503149966
-5.514620284395784
-5.5698592864687955
-5.626095882252916
-4.515669574873189
-4.51624257507582
-4.5168297832156545
-4.517559385963232
-4.518446186753827
-4.519507727168139
-4.52088039412784
-4.522356431947868
-4.52407927251836
-4.526080579431004
-4.528396494709946
-4.531068068357219
-4.534141700175756
-4.5376695809765
-4.541710115748104
-4.546328306093604
-4.551596063334439
-4.557592417417684
-4.564403580604366
-4.5721228195643455
-4.580850085888851
-4.590691354285105
-4.601757621132997
-4.614163525136659
-4.628141364273387
-4.6435757334195396
-4.660695765111731
-4.679609112158453
-4.700414737412256
-4.723199876368724
-4.748037146298336
-4.774866194477589
-4.803954853517653
-4.835203007422533
-4.8686052148833125
-4.9041351917634115
-4.941746913353802
-4.981376457247305
-5.022944450522328
-5.066358949864188
-5.111518569599089
-5.1583156797299425
-5.20663952023815
-5.256379113587652
-5.307425898485475
-5.359560206877798
-5.412916609219148
-5.467290671289691
-5.522487876001432
-5.57867260205785
-4.468458678931995
-4.468936302305318
-4.469541724120576
-4.470287505324847
-4.471188668294863
-4.472378777089787
-4.4736469070019345
-4.475132961897736
-4.476864676425357
-4.478873840209394
-4.481196707579204
-4.483874428601265
-4.486953492265851
-4.490486168916908
-4.494530934483994
-4.4991528537767635
-4.504423894143731
-4.510423134445379
-4.517236828057186
-4.52495827338561
-4.533688037169628
-4.5435309633305065
-4.554714360185081
-4.567121286597339
-4.580984057237395
-4.596418875091486
-4.613538681821276
-4.632452136395431
-4.653257667427821
-4.676042500873834
-4.700879235126328
-4.727823287113629
-4.756910858587666
-4.788041782691273
-4.8214421492703625
-4.856969798106778
-4.894578603356114
-4.934204515123232
-4.975768000297828
-5.019176914810479
-5.064329621897046
-5.111118177959974
-5.1594314316698
-5.209157917509633
-5.2601884659757
-5.312302663096762
-5.365634115339393
-5.419977226168264
-5.475251895793879
-5.531273099499076
-4.421148448129957
-4.421644810525714
-4.422266880463928
-4.423027442809303
-4.423941721972954
-4.425143451876479
-4.42642189622622
-4.4279170914341055
-4.429656902335425
-4.4316732346937355
-4.434002446579348
-4.436685781027667
-4.439769810876613
-4.443306883007854
-4.447355544831002
-4.45198093082489
-4.4572556455464385
-4.463257872754089
-4.470074133028656
-4.47790910487875
-4.486639756321659
-4.496483906528647
-4.507552599063587
-4.51996050887172
-4.533824162312437
-4.549259760729404
-4.566384976965453
-4.585298185536434
-4.606103269592179
-4.628887039936415
-4.6537231951547655
-4.680666468833096
-4.709753013230371
-4.740998406815233
-4.774281285878908
-4.809806803106062
-4.8474129431889175
-4.887035538388275
-4.928594907956057
-4.971998722969275
-5.01714511550084
-5.063925853239066
-5.112229424604454
-5.1619439148475355
-5.2129595945096225
-5.265171182586587
-5.318363937980295
-5.372678651906651
-5.4279180617472775
-5.483895496979932
-4.373853361014575
-4.374366853545954
-4.375004134641334
-4.375778195856081
-4.376820264722651
-4.377916783697928
-4.379204638981831
-4.380708173002664
-4.382455370720935
-4.384478245487635
-4.3868132524663865
-4.3895017238084995
-4.392590317353876
-4.396131468703646
-4.400184433485216
-4.404813417097551
-4.410086113979897
-4.4160900688148175
-4.423023620546423
-4.430748548695069
-4.439480694099446
-4.44932611046561
-4.460395859691524
-4.47280463145896
-4.486668963320863
-4.502105064239304
-4.5192262761201105
-4.538140245098652
-4.558945913800702
-4.581734801245846
-4.606569865503587
-4.633511513489383
-4.662597015240241
-4.693841143026558
-4.7272382466089065
-4.762646008039468
-4.800249707545718
-4.839869271990571
-4.881424883779664
-4.92482404344496
-4.969964670110243
-5.016738265601439
-5.065032986638169
-5.114736504876842
-5.165738575355907
-5.2179332747463105
-5.27110507405077
-5.325393746831704
-5.380600802349039
-5.436538052122873
-4.326572143334839
-4.327101289209283
-4.327752462444728
-4.32865466523301
-4.329591829973986
-4.330698035623496
-4.331994475818933
-4.3335056172500135
-4.3352595564111285
-4.337288408046644
-4.339628722448694
-4.342321928600952
-4.345414805759973
-4.348960702545973
-4.3530121715107075
-4.357643115943466
-4.363037818526956
-4.369043882813373
-4.375863471016783
-4.383589981943543
-4.392323482689992
-4.40217004712565
-4.4132407538988145
-4.4256503061514545
-4.439515251658295
-4.454951806337441
-4.472073315667459
-4.490987425750263
-4.511793075223258
-4.534577456053931
-4.559413119530587
-4.586359731036501
-4.615443583668869
-4.646685722800485
-4.680081307765021
-4.715603038181874
-4.7530886965310986
-4.792705485644354
-4.834257663830054
-4.877652573183944
-4.922787936216667
-4.969555009760188
-5.017841645035085
-5.067535132848997
-5.1185247536205125
-5.170703992676709
-5.22397241807143
-5.278121398754547
-5.333298779400844
-5.389314993358395
-4.279303627767291
-4.2798470710141565
-4.280626747849457
-4.281424361096295
-4.282371494299105
-4.283486535382866
-4.284790806556715
-4.286308890025841
-4.288068987896105
-4.290103316139487
-4.292448535969373
-4.295146842469201
-4.298240024994624
-4.301787737414276
-4.305845693869716
-4.310594950621004
-4.3158760540383625
-4.3218840361980515
-4.328705288367326
-4.336433234606905
-4.345167963737055
-4.35501556805298
-4.366087141504758
-4.378497399526253
-4.392362899223229
-4.407799862860931
-4.424921639175898
-4.443835874237464
-4.464641503043954
-4.487425709862411
-4.512261033593924
-4.539202808210862
-4.56828712286723
-4.59953316936217
-4.632926241245029
-4.6684461797754055
-4.706045536073205
-4.745543975224378
-4.787093009702722
-4.83048403595985
-4.875614593599185
-4.922375713161934
-4.97065496429579
-5.020339287005279
-5.071317524646372
-5.123482618096351
-5.176733457260686
-5.2308605791742835
-5.286010754611211
-5.3419931198818
-4.232046745074851
-4.232719065663244
-4.2333944767038725
-4.234202347323838
-4.2351585717617874
-4.236281671072954
-4.237593086993462
-4.239117511251669
-4.24088325247265
-4.242922650784725
-4.245273253394915
-4.247970998642118
-4.2510705402624245
-4.254621222232162
-4.258797581031543
-4.263433323662762
-4.268716424142788
-4.274726145646332
-4.281548906033094
-4.289278152456685
-4.298013993595849
-4.3078625385832146
-4.318934895346005
-4.3313457905408015
-4.345211789788223
-4.360649121141279
-4.377771136302918
-4.396685481305657
-4.417491087821446
-4.44027513308853
-4.46511014470865
-4.492051440323676
-4.521135086725454
-4.552376536172155
-4.585774348969732
-4.621291248640375
-4.658888517760421
-4.69850036420494
-4.739930709856593
-4.7833181819840895
-4.828444350147462
-4.875200034295322
-4.923472543980975
-4.973148495856643
-5.0241163306742935
-5.076268487939319
-5.129503233192763
-5.183726163234015
-5.2387355830840985
-5.294686910906321
-4.184800516162938
-4.1854847338429995
-4.1861706996115915
-4.186987923543649
-4.18795243795067
-4.189082887551913
-4.190400827152963
-4.191931058823432
-4.1937020239572345
-4.195746998323379
-4.198096860186816
-4.2008013155557995
-4.203903924324855
-4.207573096907214
-4.211636023861243
-4.216273839263568
-4.221558750069892
-4.227570047281169
-4.234394173084502
-4.2421245957527765
-4.250861442119152
-4.260710836702141
-4.271783900194896
-4.2841953694984065
-4.298061818000516
-4.313499479028467
-4.330621706982106
-4.3495361478491645
-4.370341730255557
-4.393125625017399
-4.417960349421994
-4.444901206213107
-4.473984241790852
-4.5052248813441595
-4.538617351930036
-4.574135941326626
-4.611734084797738
-4.651342943329752
-4.692886381931322
-4.736154789002046
-4.781276941262631
-4.828027661313899
-4.876294016796816
-4.925962325735185
-4.976920657786557
-5.029060990609916
-5.082281014794889
-5.136485611312835
-5.1914722070549235
-5.247395087251126
-4.137679860739409
-4.138259112402075
-4.138954701066563
-4.139780452142514
-4.1407525260793205
-4.141889684012219
-4.143213593390352
-4.14474919104293
-4.146525855837681
-4.148570153593021
-4.150926926323044
-4.153634545998377
-4.156855732669594
-4.160411553783381
-4.164476626716336
-4.1691163201491355
-4.174402870027003
-4.180415592820522
-4.187240952977045
-4.194972438086618
-4.203710191580054
-4.213560352035079
-4.224634051803186
-4.237046037134676
-4.250912888499989
-4.266350844029533
-4.283473260571475
-4.3023877840584595
-4.323193340322424
-4.345977094306072
-4.370811553874601
-4.397752008172361
-4.426834484995311
-4.458074384846577
-4.491465902625008
-4.5269822863984
-4.5645769145317985
-4.604188210394683
-4.645728308544416
-4.68899366771796
-4.7341121305816865
-4.780858311176195
-4.8291190469833865
-4.878780378618799
-4.929730033140804
-4.981859562537804
-5.035066127791083
-5.089253950726574
-5.1442196499071535
-5.20011646725712
-4.090452316807504
-4.091041470081927
-4.0917458296273725
-4.092579354126807
-4.093558323953728
-4.0947016142285815
-4.096031023567187
-4.097572361894143
-4.099348656074126
-4.101399925165631
-4.103759959524843
-4.106586244073135
-4.109694158484456
-4.113252197089665
-4.117319213380763
-4.121960606145089
-4.127248637878455
-4.133262648371516
-4.1400891224451195
-4.1478215653606805
-4.156560135724191
-4.166410984959777
-4.177485256064327
-4.189897703818458
-4.203764915148408
-4.219203132555991
-4.2363257151089995
-4.255240308673594
-4.276045836515314
-4.298829458200863
-4.3236636729828986
-4.350603757584797
-4.379685722820453
-4.410924946670365
-4.444315594705079
-4.479830877232999
-4.517424124349492
-4.557030594671467
-4.598572984025208
-4.641950478176476
-4.686949714440309
-4.733691729906846
-4.781947329157769
-4.831602290252683
-4.882544022493127
-4.934663685044162
-4.987857950811853
-5.042030434499651
-5.097092828454562
-5.152849960061768
-4.043232965115748
-4.0438311410347385
-4.04454349360978
-4.045384105618366
-4.046369372662844
-4.047518294874135
-4.048852905631955
-4.050394918708653
-4.052178097120056
-4.054232725860624
-4.056711512320289
-4.059424603277469
-4.062534805678525
-4.06609485134104
-4.070163624951443
-4.074806552889687
-4.080095921978922
-4.086111093368873
-4.092938570531401
-4.100671874895811
-4.109411178943107
-4.119262645834776
-4.130337428286453
-4.142750288859618
-4.156617820362555
-4.172056269273035
-4.189178996668634
-4.208093648337615
-4.228899145185636
-4.2516826418556075
-4.276516629723616
-4.303456374162885
-4.332537870478455
-4.363776476092145
-4.397166329815241
-4.43268060751762
-4.470272595283845
-4.509877495732594
-4.551414829485752
-4.594794260723226
-4.639905336057995
-4.686527695883559
-4.734778588069471
-4.784427728670892
-4.835362228019429
-4.887472881517474
-4.9406559118370525
-4.994814374238986
-5.049859265268299
-5.1055945592185905
-3.9960211248858815
-3.996627520424074
-3.9973471572610104
-3.9981942354246955
-3.9991852697672323
-4.0003394481956125
-4.001675817567945
-4.003224000431256
-4.005010637680979
-4.007184106518348
-4.009549778072934
-4.012265227098997
-4.0153774992690145
-4.018939358663628
-4.023009718580304
-4.02765403070168
-4.032944604151239
-4.038960819648293
-4.04578919774266
-4.053523274657575
-4.062263235560203
-4.072115254334821
-4.083190492567848
-4.095603719915655
-4.109471534543401
-4.12491018654288
-4.14203303880941
-4.1609477370428
-4.1817531999773285
-4.204536577744617
-4.229370354514921
-4.256309785286196
-4.285390851194521
-4.31662889088768
-4.350018018750828
-4.385531379230633
-4.423122218269229
-4.462725687424489
-4.504261242538993
-4.547635463369856
-4.5927473911890315
-4.639366033474826
-4.687612580672936
-4.737256393442182
-4.788184286496846
-4.840286714897888
-4.8934594849726025
-4.947605136092386
-5.002634023733475
-5.058465158481156
-3.948816177656733
-3.949430060416754
-3.950156337615673
-3.9510093249729397
-3.952005688458893
-3.953165418876256
-3.9545045178150375
-3.956056260294172
-3.9579618268670567
-3.960022260009464
-3.962390359829286
-3.9651079409175485
-3.968222082263521
-3.9717855775628226
-3.97585736637312
-3.980502923593518
-3.9857945787992057
-3.9918117306455403
-3.998640915323141
-4.006375682593002
-4.015116229220859
-4.024968738885238
-4.036044381267004
-4.048457932489386
-4.062325995593685
-4.077764823954657
-4.094887782110066
-4.1138025156622575
-4.134607941347266
-4.157391205163158
-4.182224784687389
-4.2091639254322715
-4.238244595585782
-4.269482116645632
-4.3028705806915735
-4.33838310348591
-4.375972894341142
-4.415575058239562
-4.457108991952033
-4.500481200425917
-4.545588345528657
-4.592322473381826
-4.640449105587539
-4.690088016614811
-4.741009868058232
-4.793104785499581
-4.846268187554729
-4.900402137067648
-4.955416398526888
-5.011229248077911
-3.9016175632187644
-3.9022382666353383
-3.902970602588292
-3.9038290150949453
-3.904830982686681
-3.9059904270405204
-3.907336483025265
-3.90900724569737
-3.910799856777861
-3.912862788995157
-3.9152330832746163
-3.917952588561205
-3.9210684144519465
-3.9246333818505525
-3.9287064544352126
-3.9333531284203236
-3.938645752146245
-3.9446637407125884
-3.951493644637183
-3.959229026069738
-3.9679700923791157
-3.977823036187788
-3.988899034559993
-4.001312869510553
-4.015181148516809
-4.0306201279337985
-4.0477431737821306
-4.066657931559747
-4.087463316164502
-4.110246469808186
-4.135079864037574
-4.16201873569327
-4.191099041130013
-4.222336086175776
-4.255723942535141
-4.291235699775805
-4.3288245337714795
-4.368425507002071
-4.4099579623522835
-4.453328336546166
-4.498433205141458
-4.545166674062899
-4.593288045232441
-4.642922368655194
-4.69383867615804
-4.745926729297831
-4.7990815775883515
-4.853204841705304
-4.90820574069294
-4.964001873805944
-3.854424775887645
-3.855051695295096
-3.85578957195101
-3.8566530407192756
-3.8576559966425568
-3.858822089912532
-3.8602872589634565
-3.8618451477711497
-3.863640329815061
-3.865705519486688
-3.8680777930780037
-3.8707990311207165
-3.873916371360785
-3.877482659721892
-3.8815568820547375
-3.886204554155888
-3.891498041591635
-3.8975167745429515
-3.90434731665366
-3.912083241410608
-3.920824765874145
-3.9306780908315915
-3.9417544000788456
-3.9541684809951625
-3.9680369450908928
-3.983476051424732
-4.000599167355178
-4.019513938271275
-4.040319277381666
-4.063102323432535
-4.087935542457143
-4.114874163371267
-4.143954131716997
-4.175190739004815
-4.208578038323901
-4.244089095313486
-4.281677055309059
-4.3212769419879224
-4.362808049058038
-4.406176751005219
-4.451279544670552
-4.4980061397889655
-4.546246196483483
-4.595759283890001
-4.646670450782025
-4.698752217074366
-4.7518992515837555
-4.806012759098073
-4.861001453824348
-4.91678231066098
-3.807237361194758
-3.80786995161559
-3.808612927224237
-3.8094819840781926
-3.8104873555385055
-3.811772657042537
-3.8131250356739135
-3.81468556884868
-3.816483072411062
-3.818550297092762
-3.8209243517288054
-3.8236471459303307
-3.8267658433600777
-3.83033331297195
-3.8344085610151013
-3.8390571212878215
-3.844351375177045
-3.850370766699462
-3.8572018715259535
-3.8649382735176085
-3.8736801985908897
-3.88353385498364
-3.8946104326257114
-3.9070247237773974
-3.9208933436128452
-3.9363325536416527
-3.953455722428894
-3.972370495252923
-3.99317578377275
-4.015958723566374
-4.040791775631106
-4.0677301616453825
-4.096809817275489
-4.128046020952556
-4.161432808757887
-4.196943224468091
-4.2345303855201015
-4.274129280151381
-4.315659157170571
-4.359026334261137
-4.404127236448909
-4.45085148269049
-4.499084861723633
-4.548599462542014
-4.599504982843268
-4.6515809556198455
-4.704720843016307
-4.7588254402789
-4.813802990615136
-4.86956989202002
-3.7600549132084886
-3.760692691246801
-3.7614404614424704
-3.762309669442145
-3.763437720676799
-3.764610317357025
-3.7659654156730715
-3.7675283359514107
-3.76932793128906
-3.771396985878494
-3.773772638544634
-3.7764968257057587
-3.7796167349145207
-3.783185256345186
-3.7872614150293056
-3.7919107613252887
-3.7972056911573344
-3.803225661238979
-3.8100572582623666
-3.817794075580678
-3.826536347200509
-3.8363902881548
-3.8474670939587745
-3.859881561310162
-3.8737503087084946
-3.8891895998833683
-3.9063128044877775
-3.9252275676904755
-3.946032799732525
-3.9688156333008813
-3.993648524799603
-4.020586689304736
-4.049666053469271
-4.080901883781563
-4.114288200786764
-4.1497980282855504
-4.187384458221988
-4.226982446453215
-4.268511200775616
-4.31187698700724
-4.356976164627466
-4.403698269768925
-4.45192898650427
-4.5015528817904595
-4.552342185772487
-4.604412695200032
-4.657546022086167
-4.711642476091107
-4.766609849782323
-4.822364005667059
-3.712877073013094
-3.7135196311344045
-3.714272642988874
-3.715259845517114
-3.7162752799241607
-3.71745067386368
-3.7188082268111664
-3.720373297167487
-3.7221747723457894
-3.7242454674020204
-3.7266225488419127
-3.729347977831116
-3.7324689639712747
-3.736038417010468
-3.74011537929026
-3.7447654164140225
-3.7500609376709257
-3.7560814114298373
-3.7629134344832393
-3.7706506088678116
-3.779393175977455
-3.789247357038358
-3.8003243526471304
-3.812738963531517
-3.8266078112060318
-3.8420471614093388
-3.8591703847754215
-3.8780851263675684
-3.8988902951339544
-3.9216730211300415
-3.9465057565787087
-3.9734437105421385
-4.002522801456627
-4.033758284914033
-4.067144167273981
-4.102653454087851
-4.140239214002989
-4.179836373283392
-4.221364102248546
-4.2647286193365606
-4.309826224173539
-4.356546377294606
-4.404774667273617
-4.454395540398399
-4.505182916699387
-4.557247263119321
-4.610374498952983
-4.664463495902345
-4.719421573399824
-4.77516409020978
-3.6657035298352785
-3.6663506037379947
-3.6672191969003136
-3.6680973253833993
-3.669115637138816
-3.6702935555529272
-3.671653318867621
-3.673220320560272
-3.675023479719074
-3.6770956399202177
-3.6794739932613787
-3.682200523788007
-3.6853224614784845
-3.6888927341566355
-3.6929704001325425
-3.6976210390547126
-3.7029170725064184
-3.7089379795591686
-3.7157703662623107
-3.7235078425944317
-3.7322506566913844
-3.7421050354194225
-3.75318218399307
-3.765596906795468
-3.7794658280711784
-3.794905215375214
-3.812028440226528
-3.830943147590182
-3.851748245241132
-3.8745308608476936
-3.899363442836837
-3.926301194804531
-3.9553800277086206
-3.9866151872105084
-4.020000666727063
-4.05550945514406
-4.093094599820745
-4.1326909999709205
-4.174217791656278
-4.217581150013132
-4.262677319985881
-4.309395693075151
-4.357621770685614
-4.407239888998399
-4.458135619833548
-4.5100855015830605
-4.563206039083019
-4.6172881682625375
-4.672237744820393
-4.727969631889795
-3.6185340301073796
-3.6193019084714915
-3.620056625591305
-3.620937714154711
-3.6219586228347023
-3.623138814298732
-3.6245005624880386
-3.6260692932700147
-3.627873955032227
-3.6299474177564854
-3.6323268972422973
-3.6350543987214317
-3.638177171030013
-3.6417481587048393
-3.6458264348025384
-3.6504775919223516
-3.6557740629635096
-3.661795336828674
-3.6686280280512484
-3.6763657538712167
-3.6851087685733046
-3.6949633041548196
-3.706040570021438
-3.7184553738668136
-3.732324342403711
-3.747763744827414
-3.7648869534559237
-3.783801613166568
-3.804606630676442
-3.827389131498081
-3.85222156062454
-3.8791591166973407
-3.908237703882618
-3.939472558806209
-3.9728576630889645
-4.008365990407174
-4.045950568672847
-4.085546272373607
-4.12707220624838
-4.170434505843056
-4.215529366120617
-4.262246115507993
-4.31047017580621
-4.360085782691455
-4.410978381031102
-4.463036648527427
-4.516040542095541
-4.570116207311036
-4.625057987724678
-4.680780161855203
-3.5714842158050275
-3.5721358077321055
-3.572897083614692
-3.5737808443241263
-3.5748040914621755
-3.5759863238273977
-3.5773498483238866
-3.578920120801252
-3.580726116808779
-3.582800730825001
-3.5851812006407737
-3.58790955113873
-3.5910330486333915
-3.5946046531354128
-3.598683451335406
-3.6033350477855337
-3.6086318858077764
-3.6146534633387337
-3.6214864026876166
-3.6292243277309244
-3.637967498356664
-3.6478221512242452
-3.6588994995369344
-3.6713143539808897
-3.6851833434961487
-3.7006227387573585
-3.717745912805061
-3.7366605104427397
-3.7574654374417364
-3.780247817379294
-3.8050800921565204
-3.832017455941026
-3.8610958067487027
-3.8923303730017635
-3.925715125586454
-3.9612230243118827
-3.9988070793336377
-4.038402142540973
-4.079927290030048
-4.123288621137753
-4.1683822851209476
-4.215097552748756
-4.26331977308933
-4.312933090036463
-4.363822832574367
-4.415877532019327
-4.468874757350856
-4.522947402351596
-4.577881967988238
-4.633595254142102
-3.524323166101494
-3.5249763799745137
-3.5257404059707103
-3.526626573480806
-3.527651920412515
-3.5288359788998727
-3.530201086368095
-3.5317727264901277
-3.533579900052693
-3.5356555243075407
-3.538036857489145
-3.540765942739446
-3.5438900625997096
-3.5474621914286804
-3.5515414285388593
-3.5561933895262303
-3.5614905273202204
-3.5675123481621975
-3.574345481487855
-3.5820835572359844
-3.5908268403953647
-3.60068157185477
-3.6117589682514413
-3.624173842970257
-3.6380428269565086
-3.6534821922171394
-3.6706053124475404
-3.6895198323948146
-3.7103246569944894
-3.7331069081001353
-3.757939024845964
-3.784876197379275
-3.813954318167715
-3.8451886082063966
-3.8785730286326974
-3.9140805266294416
-3.951664096152453
-3.9912585684445556
-4.032782993410144
-4.076143437261862
-4.121236007442887
-4.1679499219883205
-4.2161704634745325
-4.26578169193444
-4.316668830527897
-4.368720276948225
-4.421829228494445
-4.475782501313388
-4.530709404717781
-4.586414525113112
-3.4771604089787314
-3.47781994993823
-3.4785864540323432
-3.479474783354639
-3.4805020092481205
-3.4816876947015016
-3.483054205481442
-3.4846270511474606
-3.486435255990915
-3.4885117584807186
-3.4908938358952284
-3.4936235483757008
-3.4967481935557014
-3.5003207591206196
-3.5044003560852723
-3.509052610262005
-3.514349983443994
-3.5203719895105032
-3.5272052644281997
-3.534943443669971
-3.543686796861856
-3.5535415687218723
-3.5646189789845546
-3.577033843461463
-3.590902794898181
-3.606342106499493
-3.6234651525562738
-3.6423795777805554
-3.6631842863809005
-3.685966398691966
-3.7107983513921794
-3.7377353310393593
-3.766813225120821
-3.798047247932649
-3.8314313517822876
-3.866938472376986
-3.904521588909573
-3.944115513770731
-3.985639272918408
-4.028998902258887
-4.074090470969336
-4.120803148830706
-4.169022157599175
-4.218631480641099
-4.269516244427942
-4.321564724632521
-4.374669964462945
-4.428615224044008
-4.483540124282785
-4.539237636792268
-3.4300042904575023
-3.4306663835092492
-3.4314351146349424
-3.432325379100172
-3.433354279153103
-3.4345414064348656
-3.4359091531064356
-3.437483052875345
-3.4392921519770074
-3.441369408693316
-3.4437521180819526
-3.446482356144373
-3.4496074345800727
-3.4531803534760015
-3.4572602347151866
-3.461912713574181
-3.4672102600320582
-3.4732323949961934
-3.4800657604177676
-3.4878039968173
-3.4965473780297294
-3.5064021522314825
-3.517479541941748
-3.529894365146197
-3.5437632562010366
-3.559202489386005
-3.5763254395360042
-3.5952397513535015
-3.616044328429001
-3.63882628977816
-3.663658069923793
-3.690594852246249
-3.719672519791552
-3.750906280842913
-3.784290079738162
-3.819796841779772
-3.857379532727346
-3.89697294777241
-3.9384960909869244
-3.9818549705485218
-4.0269456206054075
-4.073657166763921
-4.121874775117242
-4.171482358900784
-4.2223649561942445
-4.274410731190213
-4.3275125863914194
-4.381569401294066
-4.436375048695619
-4.492064314037384
-3.38285118519134
-3.383515573492386
-3.384286299420344
-3.3851782888154847
-3.3862086726008584
-3.3873970691133843
-3.3887658951673445
-3.390340707056931
-3.3921505715565345
-3.3942284654952695
-3.396611700569776
-3.3993423676142127
-3.4024677914677692
-3.406040983783225
-3.410121076556887
-3.4147737138469423
-3.420071373201091
-3.4260935819972955
-3.432926987669403
-3.44066523533681
-3.449408602646523
-3.4592633408886297
-3.4703406750757115
-3.4827554251322237
-3.4966242268490677
-3.5120633554686087
-3.529186186325944
-3.5481003641441298
-3.5689047920058297
-3.5916865878048645
-3.6165181842006002
-3.6434547617931297
-3.6725321997023435
-3.703765700849074
-3.7371492024109276
-3.7726556202859562
-3.810237908035085
-3.849830845177073
-3.8913534157921443
-3.9347116026906024
-3.9798014079486554
-4.026511916716381
-4.074728244116676
-4.124334239193865
-4.175214859171055
-4.227258166332772
-4.280356934640658
-4.334409881326668
-4.389206762089244
-4.444894975381481
-3.3357009929190578
-3.336367439022479
-3.3371399444321064
-3.3380334632935504
-3.339065153237252
-3.340254657555311
-3.3416244161571114
-3.343200006521147
-3.3450105146968827
-3.3470889349218798
-3.3494725945061634
-3.352203598192803
-3.355329283127654
-3.358902671776755
-3.362982905568296
-3.3676356367238887
-3.3729333497983345
-3.3789555781304155
-3.385788974175233
-3.393527187236194
-3.40227049840362
-3.4121251617595827
-3.4232024045375664
-3.435617048380702
-3.4494857303508693
-3.4649247265504353
-3.482047412778321
-3.500961433813538
-3.52176569234379
-3.544547305337649
-3.569378703878309
-3.596315066171945
-3.6253922679085977
-3.656625507267608
-3.6900087150321634
-3.7255147986346664
-3.7630967005874902
-3.802689186149796
-3.8442112211548523
-3.8875687652118156
-3.9326577910289755
-3.9793673466923027
-4.027582500627526
-4.077187043089182
-4.128065857289353
-4.180106912296922
-4.233202864581054
-4.287252283151497
-4.342160533793155
-4.3977245691072016
-3.2885536413909726
-3.289221925244729
-3.2899960099605625
-3.290890876005879
-3.291923705980216
-3.2931141665800023
-3.294484719414077
-3.2960609618862637
-3.2978719981863054
-3.2999508389387797
-3.3023348261483845
-3.3050660776401872
-3.308191942120864
-3.3117654521948103
-3.315845758109121
-3.3204985196902044
-3.325796227989687
-3.331934187114489
-3.338767522260708
-3.3465056535177364
-3.355248865085326
-3.3651034135436295
-3.3761805280956922
-3.388595031898016
-3.402463563128383
-3.417786632133307
-3.434909146119788
-3.4538229850861937
-3.4746270514423165
-3.4974084614298366
-3.5222396448413256
-3.5491757778686264
-3.578252733254318
-3.6094857050335265
-3.642868618324333
-3.6783743729790994
-3.715955901537426
-3.755547956311047
-3.7970694864966945
-3.840426430492431
-3.8855147341140484
-3.932223411480493
-3.9804374882139935
-4.030040700693589
-4.080917864341808
-4.132956862906496
-4.186050245397171
-4.2400964453590175
-4.295000657647812
-4.350559623541756
-3.2414090861437193
-3.2420790032641835
-3.2428544806387554
-3.2437505233205064
-3.2447843373389436
-3.2459756114107257
-3.2473468275937107
-3.2489236020884436
-3.250735056209161
-3.2528142160553744
-3.2551984375078864
-3.257929850737912
-3.2610558153489846
-3.2647451388951874
-3.268825446159922
-3.2734781727531628
-3.27877581578044
-3.2847979191613383
-3.291631144167905
-3.2993691473585836
-3.308112215711792
-3.317966608015269
-3.329043555195525
-3.3414578817259177
-3.3553262267591037
-3.370764867837881
-3.3878871815972045
-3.4068008130407383
-3.427488898552074
-3.450270082069166
-3.4751010296098395
-3.502036915728659
-3.5311136106943506
-3.562346304977525
-3.5957289187309476
-3.6312343450675146
-3.6688155075649833
-3.7084071468101514
-3.7499281968530225
-3.793284576711553
-3.838372207577368
-3.885080072432085
-3.933293157644374
-3.982895150191176
-4.033770803362106
-4.0858079227557464
-4.138898959032248
-4.1929422218579475
-4.247842749895045
-4.303512884861502
-3.194267310565655
-3.1949386703667604
-3.1957153657927515
-3.1966124249589427
-3.197647075958297
-3.1988390282906143
-3.2002107833430364
-3.201787975103785
-3.2035997411066157
-3.205679122116596
-3.2080634871666236
-3.2109107410376136
-3.214036724088236
-3.2176102544320297
-3.2216904983932126
-3.2263431295738356
-3.2316406506957986
-3.237662610358102
-3.244495673676215
-3.2522335003174856
-3.260976379735111
-3.2708305726547464
-3.281907311495708
-3.294321421862191
-3.3081895437466136
-3.3236279552946386
-3.340750033539656
-3.3596634236847125
-3.3804670279340283
-3.4032479616579336
-3.4280786528961458
-3.4548985053996746
-3.4839749216893177
-3.515207324171714
-3.548589628711618
-3.5840947224859363
-3.621675521065776
-3.6612667544564053
-3.702787342942927
-3.7461431878505076
-3.791230187827156
-3.837937297304008
-3.8861494666340777
-3.9357503374658114
-3.986624606100802
-4.038660006505438
-4.091748899264024
-4.145789480683548
-4.200686646617409
-4.256352558676587
-3.1471283262568486
-3.1478009505170066
-3.1485787000525423
-3.1494766246993025
-3.150511973396769
-3.1517044753211456
-3.1530766501879195
-3.154654148874849
-3.1564661243344023
-3.158661392817756
-3.1610458083082076
-3.1637772901120775
-3.166903217974256
-3.170476651603679
-3.1745567646743087
-3.179209237035174
-3.1845065766435163
-3.190528336418629
-3.1973611849817587
-3.2050987847944876
-3.213841427496219
-3.223695375492642
-3.234771862474445
-3.24718571499837
-3.2610535737685846
-3.276491717463173
-3.293613523507959
-3.312526637369924
-3.3333299613665694
-3.3561106107700143
-3.380941013206706
-3.4078763410520927
-3.436836694680302
-3.4680687863503565
-3.50145076710766
-3.5369555189674315
-3.5745359504024554
-3.6141267819108576
-3.6556469212983997
-3.6990022537551672
-3.744088657295569
-3.7907950601661153
-3.839006379658077
-3.8886062158016146
-3.9394792125908014
-3.9915130382834096
-4.044599970902894
-4.098638102948147
-4.153532199617133
-4.209194257882654
-3.0999921736905787
-3.1006658951405295
-3.1014445442325744
-3.1023431913357524
-3.1033791051490867
-3.1045720335351406
-3.1059445136461115
-3.107637973599425
-3.109450053597375
-3.1115295882170857
-3.11391397102029
-3.1166453656815554
-3.119771161302726
-3.1233444257208585
-3.127424339577359
-3.1320765886062367
-3.1373736856544583
-3.143395187630675
-3.150227766346162
-3.157965086758594
-3.1667074424172243
-3.1765610971589036
-3.1876372857312094
-3.2000508354710666
-3.2139183876723862
-3.229356221482101
-3.2464777147209087
-3.2653905131945553
-3.2861935194859813
-3.3089738490017107
-3.333803929269554
-3.3607389321848413
-3.3898147233717326
-3.4210464859415697
-3.4543123595849323
-3.489816754773844
-3.5273968102244484
-3.5669872379428194
-3.608506934455699
-3.6518617702590612
-3.696947604488837
-3.74365334137119
-3.7918638678303984
-3.8414627456573127
-3.8923345707965744
-3.9443669511821207
-3.9974520891036613
-4.051487981924793
-4.106379275221494
-4.162037815376213
-3.0528589231863816
-3.053533584202245
-3.0543129864940504
-3.0552122199074225
-3.0562485719276102
-3.057557569717336
-3.058930238374165
-3.0605080275839507
-3.062320119170615
-3.064399594038447
-3.066783857258779
-3.0695150827338877
-3.0726406685443712
-3.076213690303476
-3.0802933352858797
-3.084945294788208
-3.090242086233232
-3.0962632702126003
-3.103095521430205
-3.110832507054816
-3.1195745222782825
-3.1294278321259816
-3.140503672192491
-3.1529168704267687
-3.1667840685953506
-3.1822215462570704
-3.1993426816389623
-3.218255120972252
-3.2390577672721
-3.2618377363289053
-3.2866674559043836
-3.313602097828069
-3.3426775271614515
-3.3739089257140553
-3.4072902003645624
-3.442678457156894
-3.480258121861962
-3.51984813775622
-3.561367391212963
-3.604721739370303
-3.6498070241000495
-3.696512127588152
-3.7447219088494332
-3.7943198945115504
-3.845190636342439
-3.8972216868467067
-3.950305178782818
-4.004339022254876
-4.059227753233251
-4.114883080263213
-3.005728676208034
-3.006404127594821
-3.007184143804424
-3.008199595434601
-3.0092362574003757
-3.010429680650578
-3.0118024349803854
-3.013380217611129
-3.0151922239679125
-3.0172715473229257
-3.0196556038712954
-3.022386577399154
-3.0255118746503733
-3.029084578716111
-3.0331638832147703
-3.037815484719257
-3.0431119049422968
-3.049132707873094
-3.0559645708255117
-3.0637011629041533
-3.0724427806821186
-3.082295690134078
-3.093371127493976
-3.1057839211570686
-3.1196507132492806
-3.135087783690813
-3.152208511136315
-3.1711205423428663
-3.191922780942175
-3.2147023433788107
-3.239531658003879
-3.2664658970186657
-3.2955409254371824
-3.3267719243558695
-3.3601527989882656
-3.3956564202653183
-3.4331199138013675
-3.472709503391939
-3.514228306959242
-3.5575821695262984
-3.6026669171874524
-3.649371411899998
-3.6975804870091453
-3.747177636777582
-3.798047372316475
-3.850077195148211
-3.903159174134169
-3.9571911392710346
-4.012077526016737
-4.067729916655304
-2.95860156700342
-2.959393429702508
-2.9601739203947104
-2.9610739340586187
-2.9621107932542756
-2.9633042970224435
-2.964677030518681
-2.9662547052636294
-2.9680665298582607
-2.970145609584151
-2.9725293714516066
-2.9752600088555647
-2.9783849369474464
-2.9819572460484185
-2.9860361358723004
-2.9906873080144147
-2.9959832882160113
-3.0020036435956623
-3.008835053805684
-3.0165711896174767
-3.025312348726694
-3.035164797818574
-3.0462397735586135
-3.058652104623272
-3.0725184333874878
-3.0879550400886173
-3.1050753038409526
-3.1239868720435386
-3.1447886491497226
-3.167567752553787
-3.1923966115801776
-3.219330399269242
-3.2484049811312015
-3.2796355381622213
-3.3130159745873597
-3.348519159137146
-3.3860979802665607
-3.4255713642133503
-3.467089704081109
-3.5104430759214322
-3.5555272914221674
-3.602231193969132
-3.6504395932773632
-3.7000359537869194
-3.7509047491479452
-3.8029334339379495
-3.8560140182368023
-3.91004425842751
-3.964928497710347
-4.020578202614669
-2.911593521382137
-2.912270127749274
-2.9130509705748486
-2.91395119284632
-2.9149881335620447
-2.916181607481638
-2.9175542146114775
-2.919131680354811
-2.9209432261509964
-2.9230219690148767
-2.92540534653827
-2.92813556151614
-2.931260037308562
-2.9348318712661046
-2.938910268987526
-2.943560936865635
-2.948856404429501
-2.954876241672376
-2.9617071303209253
-2.9694427425469225
-2.9781833769091532
-2.9880353005621694
-2.9991097503925386
-3.011521555191648
-3.025387357474931
-3.040823437759011
-3.0579431756617135
-3.0768542193582427
-3.0976554743530733
-3.120434059315865
-3.145262404962921
-3.172195685677891
-3.2012697680474287
-3.2324998336130784
-3.2658797863134406
-3.3013824934321745
-3.338960840466168
-3.3785495146715565
-3.4200673780502546
-3.4633044809138687
-3.508388161410408
-3.55509148027383
-3.6032992254435494
-3.6528948338427987
-3.7037627445573014
-3.755790368880217
-3.8088696627506087
-3.8628983148311367
-3.917780583556853
-3.9734278292377936
-2.864473218805795
-2.865150207205032
-2.8659312778733024
-2.8668315900143675
-2.8678684984441083
-2.86906183311832
-2.8704342084738133
-2.8720113634693734
-2.873822532131882
-2.875900843014087
-2.878283744128599
-2.881013447525438
-2.8841373846285396
-2.8877086596614183
-2.891786483931777
-2.896552300387489
-2.901847174921502
-2.9078664161073036
-2.9146967075273045
-2.922431722522592
-2.9311717602819995
-2.9410230882065322
-2.952096943204732
-2.964508154021815
-2.978373363204808
-2.9938088515061065
-3.010812259523599
-3.0297227097661366
-3.0505233743729354
-3.0733013736502723
-3.0981291401661126
-3.125061850196463
-3.1541353720300083
-3.1853648884416597
-3.2187443038208903
-3.2542464847820916
-3.291824314679773
-3.331412476788666
-3.37292982690532
-3.4161664145187984
-3.4612495490962676
-3.5079522844207527
-3.5561593883395646
-3.605754272345508
-3.6566213435791837
-3.7086479733618645
-3.761726067695871
-3.8157532528674136
-3.870633709344005
-3.926278699868879
-2.8173566742382246
-2.818033918334267
-2.8188150956263422
-2.8197153809010644
-2.8207521442463284
-2.821945230375483
-2.8233172678241636
-2.824894008868759
-2.8267046999585177
-2.828782481068103
-2.8311648105412286
-2.834009641900483
-2.8371329439571404
-2.8407035665004323
-2.844780726469764
-2.8494301393384487
-2.854724341610594
-2.8607429083513676
-2.8675725247003414
-2.875306864862614
-2.8840462283580677
-2.8938968825567946
-2.9049700641507084
-2.91738060165722
-2.9312451375485793
-2.9466799527990872
-2.9637984281935914
-2.9827082139081753
-3.0035082183018957
-3.0261698217284465
-3.0509969344430954
-3.077929001075506
-3.1070018922970535
-3.1382307928567514
-3.171609608378369
-3.207111205619571
-3.244688466627518
-3.284276071556321
-3.325792870899238
-3.369144672075984
-3.414111484252431
-3.4608136275395105
-3.5090200941381453
-3.5586142719927794
-3.609480538660024
-3.661506228478597
-3.7145832013147606
-3.7686090259173453
-3.8234878109489228
-3.8791307294345603
-2.7702441769689683
-2.770921553681991
-2.771702718522753
-2.772602861287959
-2.7736393668662522
-2.774832094374084
-2.776203686203349
-2.7777799077991263
-2.7797057513247396
-2.7817828937926548
-2.7841645451457295
-2.7868929358406813
-2.790015513281567
-2.793585395209292
-2.797661804016913
-2.8023104594440698
-2.8076039011527683
-2.813621706365887
-2.8204505615148077
-2.8281841413870694
-2.8369227455503077
-2.8467726410754963
-2.857845064203364
-2.870254843042104
-2.884118619880381
-2.8995526758963486
-2.9166703925931854
-2.935579421458727
-2.956378672775672
-2.979155271304985
-3.0039816548104343
-3.0307972625060837
-3.059869442958442
-3.0910976509363266
-3.124475794139112
-3.1599767403270147
-3.197553371105734
-3.2371403643800303
-3.278656566228068
-3.322007777124635
-3.367089762850064
-3.4136755387664657
-3.461881362734882
-3.5114748430596725
-3.562340329833058
-3.614365123099052
-3.6674410400139217
-3.7214655961621474
-3.7763428339811465
-3.831983843892546
-2.723136063269552
-2.7238134518466355
-2.724594486389084
-2.7254943711897983
-2.726530505541544
-2.7277227626945986
-2.7292095278007773
-2.73078511279289
-2.732594526507017
-2.7346709318250704
-2.7370518078583457
-2.739779394252402
-2.742901146346388
-2.7464701885267946
-2.750545748547745
-2.75519355026978
-2.760486136316763
-2.7665030858289783
-2.773331086255084
-2.78106381266984
-2.7898015643892458
-2.799650607900674
-2.8107221787450833
-2.8231311044307765
-2.8369940269519494
-2.8524272276798666
-2.869544088942663
-2.888452263776299
-2.9092506647592353
-2.9320264196427503
-2.9568519697394584
-2.983782500767718
-3.0127381547388157
-3.043965582212142
-3.0773429695882166
-3.112843186548683
-3.1504191151669483
-3.1900054319920157
-3.2315209795723057
-3.2748715523372693
-3.319952907151165
-3.3666538147965275
-3.4147432222207494
-3.4643360037635196
-3.5152007249748554
-3.567224654009056
-3.6202995683886456
-3.6743229344742163
-3.729198733520519
-3.7848379797880765
-2.6760327206820973
-2.6767100017826433
-2.677490788497434
-2.6785060331679995
-2.6795416722774785
-2.680733335736119
-2.682103693378685
-2.683678537002667
-2.6854871502897772
-2.687562707669748
-2.6899426987341837
-2.6926693724056308
-2.695790192003318
-2.6993582885490865
-2.703432895086059
-2.7080797394602785
-2.713371367062012
-2.719387358701105
-2.7262144025550223
-2.7339461736721
-2.7426829707966665
-2.7525310595276795
-2.7636016744403973
-2.7760096422409677
-2.7898716045151257
-2.805303842824379
-2.8224197404493085
-2.8413269522455886
-2.862124393509572
-2.884899195553326
-2.9097238039457243
-2.936653409119352
-2.96572389355847
-2.996950452938959
-3.030211259187177
-3.0657106566848227
-3.10328579946726
-3.142871363656277
-3.184386189164738
-3.227736065255449
-3.272816740775425
-3.319516975289951
-3.3677214700732954
-3.417197780720754
-3.4680617401486002
-3.5200848261396915
-3.5731587793304245
-3.6271810203941772
-3.6820554739475115
-3.737693083913449
-2.6289345928985233
-2.629727377180109
-2.630507789153299
-2.6314067986978973
-2.63244183311449
-2.633632793559187
-2.6350023635480677
-2.6365763481468445
-2.6383840436544816
-2.640458636238723
-2.6428376261491398
-2.6455632717259485
-2.64868304435393
-2.6523657845813875
-2.656439318559435
-2.6610850881448482
-2.6663756413788238
-2.6723905605566927
-2.679216534345265
-2.6869472374887122
-2.69568296786421
-2.7055299898923693
-2.7165995369236744
-2.7290064346601186
-2.7428673241598727
-2.7582984871621794
-2.7752976000593117
-2.794203726550543
-2.8150000851060697
-2.8377738112426956
-2.8625973555807547
-2.8895259141899157
-2.918595375428471
-2.9498209406689293
-2.98319652950161
-3.018579279588673
-3.0561535398001
-3.095738262544385
-3.1372522860142387
-3.1806013951747296
-3.22568133171083
-3.2723808448624143
-3.3205846220604385
-3.3701759722095512
-3.4209234000406608
-3.472945652884033
-3.5260186742210307
-3.5800398421951427
-3.634913028864941
-3.6905491130672345
-2.581957900036258
-2.582634600416713
-2.583414526231587
-2.5843129228502137
-2.5853472312635515
-2.586537366492083
-2.5879060258567255
-2.589479027901286
-2.59128568179752
-2.5933591857149567
-2.5958527476148725
-2.5985772326767993
-2.601695827084556
-2.605261675325882
-2.609334020976846
-2.6139785995672424
-2.61926796150458
-2.625281690222598
-2.632106474483713
-2.6398359883079765
-2.648570528283893
-2.6584163572590254
-2.6694847070223777
-2.6818904020259198
-2.695750082677881
-2.711180030926868
-2.728293632397454
-2.7471985465023336
-2.7679936953904227
-2.790650507297832
-2.8154728494674917
-2.8424002249497824
-2.871468529116715
-2.9026929702370845
-2.9360674741830706
-2.971564922550108
-3.0090224688377574
-3.0486062473014037
-3.090119375303065
-3.133467634380858
-3.1785467598794677
-3.2252454915344244
-3.2734485038195693
-3.3230390888516745
-3.373901503699201
-3.4258071565087564
-3.478879263217516
-3.5328993970367364
-3.587771381111503
-3.643406033911266
-2.5348717604144437
-2.5355479941113788
-2.536327311625557
-2.5372249713873374
-2.5382584280025053
-2.539447610446304
-2.540815230062135
-2.5425028156909333
-2.5443082855470314
-2.546380558078537
-2.5487571557754825
-2.551480356573803
-2.554597648527195
-2.558162182895607
-2.562233208422212
-2.566876464241731
-2.5721645029054603
-2.578176908684206
-2.585000370073493
-2.5927285599681307
-2.6014617732552447
-2.6113062708158457
-2.622373282536836
-2.634777631367525
-2.6486359569364253
-2.6640645414267876
-2.681176771948183
-2.700080310804794
-2.7208740844971797
-2.7436452391112933
-2.7684662380288936
-2.795276578349493
-2.8243435738327323
-2.855566743294835
-2.8889400202408364
-2.9244362927437737
-2.9620084550162855
-3.001591187856957
-3.042987577977367
-3.086334889561714
-3.1314131183799425
-3.178110995422485
-3.2263131829903995
-3.275902957303304
-3.326764555381688
-3.378669368668078
-3.431740565633882
-3.4857596912126763
-3.5406305228689114
-3.5962638229249166
-2.487792559856144
-2.488468203998122
-2.489246787665568
-2.4901435821578266
-2.4912917549037314
-2.492479838662428
-2.49384627011458
-2.495416895903122
-2.4972210521991625
-2.4992919624145706
-2.501667160611374
-2.5043889348705517
-2.507504781794253
-2.5110678594976945
-2.515253094493481
-2.519894877399935
-2.52518144328698
-2.5311923770318607
-2.5380143665534542
-2.545741083257183
-2.5544728199395723
-2.5643158351339403
-2.575381356487941
-2.5877842051923037
-2.6016410199577216
-2.6169524020682378
-2.634063091969809
-2.6529650831719116
-2.673757307228498
-2.6965269169023474
-2.721346383660045
-2.748270927056829
-2.777336460289006
-2.8084424885842734
-2.841814377094691
-2.877309319547883
-2.914880216319221
-2.954461752117796
-2.995972765714815
-3.0392032834148273
-3.0842805149071886
-3.1309774499817236
-3.179178739456645
-3.228767644408712
-3.2796283827253903
-3.33164809029748
-3.38460261042652
-3.438620740497221
-3.493490455865859
-3.5491224664576744
-2.4407210292093144
-2.441511658657184
-2.4422893671079238
-2.4431851503888615
-2.444216490585845
-2.4454033453786277
-2.446768455346656
-2.4483376817961147
-2.450140375045107
-2.452209771743324
-2.454699088067471
-2.457419270928602
-2.4605335080481425
-2.464094964644945
-2.468162899849455
-2.4728030597030966
-2.4780880004106183
-2.484097306996051
-2.490917666275416
-2.4986427476011337
-2.5073728411130545
-2.5172142024683173
-2.528278056628399
-2.5406792227062693
-2.554534338349416
-2.569959686308283
-2.58706865737167
-2.605968921011339
-2.6266437334510577
-2.6494116006908355
-2.6742293375369757
-2.7011521741628237
-2.7302160350951503
-2.7614361577825366
-2.794690782200731
-2.830184219337532
-2.8677536846802867
-2.907333868180582
-2.948843611027659
-2.9921886897513255
-3.037149073369612
-3.083844963427008
-3.132045266583011
-3.181633229395323
-3.232493051359421
-3.2845118457064393
-3.3375811994973112
-3.3914825705970384
-3.446351191683415
-3.5019819608824405
-2.393773668271777
-2.394447739408749
-2.3952244479416414
-2.3961190907474847
-2.397149163850121
-2.3983346397446903
-2.3996982742739585
-2.4013816107715464
-2.403182666797754
-2.405250373842752
-2.407622290609801
-2.410340726679063
-2.4134531966061776
-2.4170128726818034
-2.4210790191203
-2.425717385109652
-2.4310005281934637
-2.4370080331300272
-2.443826585135617
-2.451549850960417
-2.460278117524146
-2.470117637073474
-2.481179631425993
-2.4935789172853253
-2.5074321310793715
-2.5228555559420585
-2.5399625849866263
-2.5588608921775235
-2.5796494215505685
-2.6024153423680767
-2.6271154675625783
-2.6540363757816148
-2.6830983456774535
-2.7143166280107622
-2.747685188732368
-2.783061237372615
-2.8206290825573803
-2.8602077366806204
-2.9017160445911214
-2.9450597831370158
-2.9901346700827203
-3.0367136603525964
-3.0849128726313926
-3.1344998050995168
-3.1853586394319926
-3.23737646695513
-3.2904448482464863
-3.344345217716596
-3.399212752167941
-3.454842312853476
-2.3467200088021754
-2.3473930977989723
-2.3481686645849305
-2.3490620188101707
-2.350206337587248
-2.351390260077855
-2.352752239536484
-2.3543181686010963
-2.356117427919875
-2.3581832825366105
-2.3605533041622113
-2.363269813643579
-2.3664959690956473
-2.370053670379186
-2.374117833426291
-2.3787542105271995
-2.3840353603654743
-2.3900408671003786
-2.3968574139086027
-2.4045786644265634
-2.413304901811923
-2.423142374375219
-2.434202300331343
-2.4465994936351096
-2.46045058932647
-2.4758718709731133
-2.4928610904557558
-2.5117571982346965
-2.5325435165370362
-2.555307224888688
-2.580120827228393
-2.6070395799605093
-2.63598375105428
-2.667199951283724
-2.700566500529023
-2.736056328859523
-2.7736223645658895
-2.8130835852493807
-2.8545902708200184
-2.8979324969965914
-2.943005979179594
-2.9895836835727123
-3.037781682376225
-3.0873674793719483
-3.1382252388197465
-3.190242030685161
-3.2433093898681746
-3.297324486637468
-3.352075169959038
-3.4077035396744213
-2.299676799308447
-2.3004644296650674
-2.3012386911825558
-2.302130585010695
-2.3031576361875157
-2.304339848566626
-2.305700010628351
-2.3072640316779367
-2.3091769458155085
-2.311240742839552
-2.3136086617430958
-2.316323035300947
-2.319431397145957
-2.3229869342436427
-2.3270489210000305
-2.331683112426007
-2.3369620678178995
-2.3429653700869397
-2.3497796996318456
-2.3574987161884833
-2.366222698366206
-2.37605788980981
-2.387115504520146
-2.3995103532749775
-2.4133590695457987
-2.428777937461442
-2.445880355886578
-2.4647740098379867
-2.4855578599095307
-2.5082034453650266
-2.5330145643701223
-2.5599308596962564
-2.588988301485942
-2.62020217351829
-2.6534507743638613
-2.6889384202366617
-2.726502380894339
-2.7660773712259665
-2.8074665215963024
-2.850807038704746
-2.8958789369997433
-2.9425709134712807
-2.990651838941358
-3.0402363766821914
-3.091092956516571
-3.1431086273839344
-3.1961748990586623
-3.250188912088176
-3.305054250888076
-3.3605656697833055
-2.2527608335614437
-2.2534315115620074
-2.2542043228843993
-2.255094603361852
-2.2561198931575017
-2.2574158462809115
-2.258773983816428
-2.260335883737351
-2.2621309600723265
-2.264192509065668
-2.2665581304771134
-2.2692701692862123
-2.272491768731038
-2.2760449109404717
-2.2801044893385916
-2.284736261565246
-2.2900127872497076
-2.296013647612784
-2.3028255197051326
-2.3105420587079086
-2.319263537995537
-2.329096195886354
-2.340151241595815
-2.3525434823085454
-2.3663895497317933
-2.381805728639898
-2.3987898050950767
-2.417680683691823
-2.438461736340171
-2.4612201676796746
-2.4860285121450296
-2.5128264066335646
-2.541881120858415
-2.5730923324221897
-2.606454058979611
-2.6418235731712016
-2.679385183815229
-2.718957957153542
-2.760460757495641
-2.803683643478393
-2.84875375308036
-2.895444080391827
-2.943639226245158
-2.9931066399449326
-3.043961916221482
-3.095976362751609
-3.1490414644819884
-3.203054332844119
-3.2579185181896815
-3.3134287433630503
-2.205742098081355
-2.2064113446159417
-2.207298167387524
-2.208186639081022
-2.209209961796453
-2.210388173541765
-2.211744098701425
-2.2133036827933905
-2.21521195798674
-2.2172710183898667
-2.219634098023874
-2.222343554837275
-2.2254469427996963
-2.2289974640352765
-2.2330544028347803
-2.237799097092984
-2.243072941814505
-2.2490711041426223
-2.2558802569985303
-2.263594050152633
-2.2723127508729375
-2.2821425913318367
-2.2931947752655706
-2.305468519895359
-2.31931161314166
-2.33472476538277
-2.3518213831806594
-2.3707091661698474
-2.3914870967480577
-2.4141267685173697
-2.4389319584212372
-2.465842379272824
-2.4948940440963234
-2.5259866131678654
-2.559345428442969
-2.5948278398147675
-2.632271137468395
-2.67184139981095
-2.713341849302985
-2.7566782756342194
-2.801630665084078
-2.848319131628399
-2.8965125692427525
-2.9460941569361223
-2.9968322601476762
-3.0488453592666027
-3.1019091901099953
-3.1559208352989425
-3.210783811834709
-3.266408570203574
-2.1588533310509566
-2.1595209624713885
-2.1602903407020495
-2.161176829076587
-2.1621980000894148
-2.163489502741141
-2.164842974718689
-2.1663999942376893
-2.1681900124064524
-2.170246360013379
-2.1727222419126417
-2.1754288629387397
-2.1785293810975475
-2.182077006370597
-2.186131027911416
-2.1907572074324815
-2.1960281034619733
-2.202023291582983
-2.2088294395280075
-2.2165401905381805
-2.2252558046655664
-2.2350825069142957
-2.2461314946924706
-2.258517566431593
-2.272357349656928
-2.287767130919728
-2.3048603214975705
-2.323629039830021
-2.344403434875193
-2.3671551782240665
-2.3919568442665398
-2.41874814044073
-2.4477963295442
-2.4790011703051533
-2.512241075303283
-2.5477203250714995
-2.585276297989312
-2.62472807151207
-2.666225858415003
-2.709559810130688
-2.7546256415610912
-2.801196306441506
-2.849387818781548
-2.8989676449244577
-2.9498198802147466
-3.0017157579714384
-3.054778196760154
-3.108788521255897
-3.1636502154766823
-3.219273692042058
-2.111864889924437
-2.1126463469739187
-2.113413715993676
-2.114297996245997
-2.115316777669643
-2.1164901360472577
-2.117840935730644
-2.1195107214117375
-2.1212978246428866
-2.123351176073876
-2.1257084230531413
-2.128411950909966
-2.1316248749062625
-2.1351693174319584
-2.139220129739444
-2.1438430750583826
-2.1491107105004343
-2.1551026076696096
-2.161905428256073
-2.169612808013922
-2.178324998789265
-2.1881482174772917
-2.199193654355414
-2.2115761026143
-2.2254121873235038
-2.2408181961841276
-2.257791974388321
-2.2766723570528553
-2.2974428070531943
-2.3201905818366417
-2.344872667053943
-2.3717756161078762
-2.4008199198890012
-2.4319053185909736
-2.465257159010932
-2.5006172288836512
-2.538169795277952
-2.5777340329427445
-2.6191131638505025
-2.662444313090768
-2.7075075576919945
-2.754191578091396
-2.802265214924395
-2.851843058454958
-2.902693483884439
-2.954703455171458
-3.0076486238525844
-3.061657509432936
-3.116517828294561
-3.172139955681882
-2.0650098063335705
-2.065673672308012
-2.066438844233172
-2.0674362855786597
-2.068452440431403
-2.069622997628655
-2.070970843437884
-2.072521985939352
-2.0744214519235014
-2.0764715189555494
-2.0788254099944408
-2.08152552510828
-2.0846194513928267
-2.088275928141975
-2.0923232110700667
-2.096942595272031
-2.1022066356685416
-2.10819489889506
-2.1149940394501763
-2.1226976843611394
-2.1314060760201357
-2.1412254220513285
-2.1522669046282985
-2.164645311024714
-2.1783617423181316
-2.193763507850615
-2.2108485279485026
-2.2297245331312685
-2.250490551599969
-2.273118278200603
-2.2979114714924647
-2.3246943957492228
-2.353734276090618
-2.3849309914391243
-2.418163043907305
-2.4536347161896366
-2.4911834716233505
-2.5306284329701474
-2.572119831404022
-2.6153321687843065
-2.6603924844367173
-2.70707381820707
-2.755145029561869
-2.8047206376561693
-2.8555690295303897
-2.9075771465835754
-2.9605206314104033
-3.014527937185685
-3.0693867664603527
-3.12500745719548
-2.0181744879972277
-2.018836159601423
-2.0195988913193688
-2.020478091964017
-2.021606932900689
-2.022774418835964
-2.0241190279011065
-2.025666791693201
-2.0274472254630673
-2.0296092172188187
-2.0319594305181976
-2.0346558035831226
-2.0377459353139615
-2.041283059326025
-2.0454419558310404
-2.0500574196463557
-2.055317496751011
-2.0613017476774322
-2.068096818424974
-2.075796325890397
-2.0845005016043467
-2.094315542613404
-2.1053526218970013
-2.1177265200585906
-2.131438350753221
-2.1468353913955305
-2.1639155871379057
-2.182786681821216
-2.2034321776752557
-2.2261704328108824
-2.2509585953359155
-2.277736507669033
-2.306771444187456
-2.33784771918885
-2.3711906569971526
-2.4065421934768265
-2.4440865930609488
-2.4836431155522978
-2.5250150228263095
-2.5683394486649607
-2.6132808099093854
-2.659959102701698
-2.708143246830396
-2.7576006545225855
-2.8084467566713873
-2.860452794522162
-2.913510124224743
-2.967399962471993
-3.022257164823095
-3.077876309743516
-1.9713611811135587
-1.9720204360218916
-1.97278048619091
-1.9736567571592638
-1.974666896899089
-1.975946549923742
-1.977287615479552
-1.9788316809644417
-1.9806082857052987
-1.9827663164788014
-1.9851125011508837
-1.987804772562291
-1.9908907417260635
-1.9944236502026609
-1.9985782506738305
-2.003189399135038
-2.0084451073648597
-2.014424928492062
-2.021215498528679
-2.028910422651596
-2.037609919941853
-2.0474201753990533
-2.058452351586506
-2.0708212215980475
-2.0845279211920467
-2.099919676221515
-2.116994467803625
-2.1357445617291306
-2.1564999751496976
-2.1792325863136823
-2.203899548147633
-2.2307873654656425
-2.2597011719382407
-2.2908875380086755
-2.3241095896587507
-2.359571584335391
-2.3971111111459438
-2.436547370212783
-2.478030586319074
-2.521235321352448
-2.566288611764942
-2.6128478222001985
-2.6610288281123187
-2.710599099279551
-2.7613269366613524
-2.8133306372804068
-2.866385846061167
-2.9203894953164564
-2.9751291788324674
-3.0307466452151726
-1.924456861724109
-1.9252289924708021
-1.925986100736307
-1.9268591615436061
-1.9278658446234542
-1.9291417935198627
-1.9304789826676059
-1.9320190025859512
-1.9337914181096139
-1.9359451048618688
-1.9382868781451805
-1.9409746550639606
-1.9440560590172895
-1.9476997617412921
-1.9517342090929861
-1.9563406078552636
-1.9615915003761724
-1.9675664308901701
-1.9743520237287013
-1.9820418705489318
-1.9907361761904703
-2.000541111953164
-2.011567828614375
-2.023931090822636
-2.0376320669615646
-2.0530179096643404
-2.070086648350116
-2.0888305925013944
-2.1095797279910866
-2.1323059965884084
-2.156966604919127
-2.183848072784749
-2.212755604933581
-2.2439358119350405
-2.277151871453268
-2.312608097866151
-2.350026496623463
-2.3895731508684412
-2.4309358274691863
-2.4742516418360685
-2.5191850596569667
-2.5658560610912913
-2.613917871838474
-2.6634849220379784
-2.7143255662360386
-2.7662109448980234
-2.819263774284558
-2.8732652632461457
-2.928002986728169
-2.983618616105998
