1e-08
1.1233240329780265e-08
1.261856883066021e-08
1.4174741629268047e-08
1.592282793341094e-08
1.7886495290574353e-08
2.009233002565046e-08
2.2570197196339216e-08
2.5353644939701113e-08
2.848035868435799e-08
3.1992671377973846e-08
3.593813663804626e-08
4.037017258596558e-08
4.534878508128582e-08
5.094138014816375e-08
5.72236765935022e-08
6.42807311728432e-08
7.220809018385457e-08
8.111308307896873e-08
9.111627561154887e-08
1.0235310218990269e-07
1.1497569953977356e-07
1.2915496650148827e-07
1.45082877849594e-07
1.6297508346206436e-07
1.8307382802953697e-07
2.0565123083486514e-07
2.310129700083158e-07
2.5950242113997374e-07
2.915053062825176e-07
3.2745491628777317e-07
3.678379771828634e-07
4.1320124001153343e-07
4.641588833612782e-07
5.214008287999684e-07
5.857020818056673e-07
6.579332246575682e-07
7.390722033525775e-07
8.302175681319736e-07
9.326033468832199e-07
1.0476157527896663e-06
1.1768119524349991e-06
1.3219411484660288e-06
1.4849682622544636e-06
1.6681005372000591e-06
1.873817422860383e-06
2.104904144512022e-06
2.364489412645407e-06
2.656087782946684e-06
2.9836472402833405e-06
3.3516026509388406e-06
3.764935806792471e-06
4.229242874389499e-06
4.750810162102793e-06
5.336699231206302e-06
5.994842503189409e-06
6.7341506577508285e-06
7.564633275546291e-06
8.497534359086437e-06
9.545484566618328e-06
1.072267222010323e-05
1.2045035402587836e-05
1.3530477745798076e-05
1.5199110829529332e-05
1.7073526474706886e-05
1.917910261672489e-05
2.1544346900318867e-05
2.4201282647943835e-05
2.71858824273294e-05
3.053855508833412e-05
3.4304692863149194e-05
3.8535285937105275e-05
4.328761281083062e-05
4.8626015800653536e-05
5.462277217684337e-05
6.135907273413163e-05
6.892612104349695e-05
7.742636826811278e-05
8.697490026177834e-05
9.770099572992247e-05
0.00010974987654930568
0.0001232846739442066
0.00013848863713938718
0.00015556761439304722
0.0001747528400007683
0.00019630406500402724
0.00022051307399030456
0.0002477076355991709
0.0002782559402207126
0.00031257158496882353
0.0003511191734215127
0.0003944206059437656
0.00044306214575838776
0.0004977023564332114
0.0005590810182512223
0.0006280291441834246
0.0007054802310718645
0.0007924828983539169
0.0008902150854450393
0.001
