-3.967991966801259
-3.9685558168309094
-3.969226613921632
-3.970017662958755
-3.9709444631949258
-3.9720250512457973
-3.9732772372706155
-3.9747290920738294
-3.9764056696023653
-3.978453529750175
-3.980676031293897
-3.9832285294148297
-3.9861556425983338
-3.9895075023642277
-3.993340195428809
-3.997716175134617
-4.002704616442591
-4.00838168259003
-4.014830665176179
-4.02214195352795
-4.030412784560791
-4.039746722092864
-4.050252816034179
-4.062044398515141
-4.0752374872079935
-4.089948786790256
-4.106293307856722
-4.124381657538725
-4.144317095025488
-4.166192483868376
-4.190087305837606
-4.21606492210445
-4.244170271194996
-4.274428176064006
-4.306842394504307
-4.341395491418806
-4.378049545140666
-4.416747632083721
-4.457415973967189
-4.499966587498552
-4.544300252427079
-4.590311848332947
-4.637768022321997
-4.68678894488798
-4.73714439386447
-4.7887227543152004
-4.841417000414975
-4.895126204734858
-4.949756736370854
-5.0052231871290624
-3.934273676658215
-3.934842945459162
-3.935518546349494
-3.9363138662598716
-3.937244502680354
-3.9383293389141567
-3.9395833076881503
-3.9410377398331016
-3.9428323819309687
-3.944766445208895
-3.946990705275975
-3.94954474753681
-3.952473214625411
-3.9558262595496165
-3.95965998810133
-3.9640368705092976
-3.969026096632085
-3.974703842796352
-3.981153412043147
-3.9884652036351147
-3.9967364630396185
-4.006070761345552
-4.016577154534779
-4.028368979671428
-4.041562258260796
-4.056273697724468
-4.072618310294932
-4.090706703583993
-4.110642136014043
-4.132517468985642
-4.156412180541331
-4.182389626286411
-4.210494736996862
-4.240752325242273
-4.273166135212666
-4.307718714241883
-4.34437211816879
-4.383069394761863
-4.423736729379634
-4.466286092661381
-4.510618206050476
-4.556629612263589
-4.604081958099718
-4.653099754391607
-4.7034514304770685
-4.755025124605043
-4.807713560659074
-4.861415511767505
-4.916036977763492
-4.971492092197837
-3.9005587000454223
-3.9011330373118835
-3.9018131351768317
-3.9026124645826714
-3.9035467594910003
-3.9046313052316237
-3.90589108510333
-3.907463715521555
-3.9091446761456297
-3.911080601684474
-3.913306497676504
-3.9158619750168344
-3.9187916990721328
-3.9221458430803313
-3.9259805307903006
-3.930358248322276
-3.935348199548918
-3.9410265731033105
-3.9474766827771264
-3.954788937161977
-3.9630605897488165
-3.9723952184426903
-3.9829018849130176
-3.9946939308414158
-4.007887381317121
-4.022598946324293
-4.038943639621255
-4.057032069261906
-4.076967492942893
-4.098842770043096
-4.122737375106434
-4.148714658517237
-4.176819543783628
-4.207076833737707
-4.239490259816732
-4.274042352886019
-4.310695147703592
-4.3493916651993
-4.390058056673574
-4.432606249625669
-4.476936910908837
-4.522942540250171
-4.570513562663352
-4.619411844015082
-4.669759950320515
-4.72132926277386
-4.77401225263671
-4.827707406852492
-4.882320375928731
-4.937764860881259
-3.8668468450999307
-3.8674259235807993
-3.8681102337445017
-3.868913339940442
-3.8698517305050992
-3.8709381537164957
-3.8723162728548557
-3.8737753433286413
-3.8754582755351783
-3.8773959336437853
-3.879623350048061
-3.8821801596459293
-3.8851110492161567
-3.8884662110521964
-3.8923017858142184
-3.8966802745831854
-3.901670894418431
-3.907349845525671
-3.9138004517989446
-3.921113130589399
-3.9293851429154874
-3.9387200730714
-3.9492269880529993
-3.9610192338622285
-3.9742128389382563
-3.9889245156574753
-4.005269279199353
-4.023357738024439
-4.0432931491430555
-4.065168370034682
-4.089062871960747
-4.1150400004094445
-4.143144672074291
-4.173401680657618
-4.205814745640308
-4.24036638244885
-4.277018606081464
-4.315714412316622
-4.356379920546152
-4.398927017863004
-4.443256320001561
-4.489260262045929
-4.536830497112129
-4.585725192471657
-4.636069873975928
-4.687635062221839
-4.740312944164151
-4.794001728659073
-4.848606734698434
-4.9040412547371695
-3.8331379337814986
-3.8337214482899107
-3.834409708703263
-3.835216400512275
-3.836154707826251
-3.8372467026025134
-3.8386271882438314
-3.8400883456521235
-3.841773112394498
-3.8437123808742006
-3.845941208776253
-3.8484992536158047
-3.851431222352077
-3.854787325237157
-3.8586237188649033
-3.8630029184059773
-3.8679941533313507
-3.8736736347315084
-3.8801246959947315
-3.88743776269716
-3.8957101029188173
-3.905045306941759
-3.915552446748887
-3.9273448723831215
-3.9405386154136806
-3.955250390449314
-3.971595213992689
-3.9896836948784293
-4.009619089468551
-4.031494253459214
-4.055388655033732
-4.08136563509052
-4.1094701039351165
-4.139726846711049
-4.172139571689758
-4.206690779823206
-4.243342467585297
-4.282037607179528
-4.322702288096085
-4.365248359573524
-4.40957638946878
-4.455578752334345
-4.503142675664204
-4.552156375275212
-4.602381140907767
-4.653942426293119
-4.706615512323119
-4.760298326082784
-4.8148958697539115
-4.8703210493252875
-3.7994318012690678
-3.800019467975715
-3.8007114415268766
-3.8015216118862867
-3.8024623599664067
-3.8036726567897063
-3.8049395528018497
-3.806402652471387
-3.8080891246248125
-3.810029888253334
-3.812260024879271
-3.8148192133444554
-3.817752179639724
-3.821109150951317
-3.824946298892675
-3.829326151908889
-3.834317951156519
-3.8399979179658805
-3.846449394648899
-3.8537628145048197
-3.862035452237467
-3.8713709037395763
-3.8818782456619245
-3.893670831825735
-3.9068646967235847
-3.921576557046522
-3.937921430528834
-3.956009926349389
-3.9759453002587604
-3.9978204062803053
-4.021714709712849
-4.047691547154512
-4.075795822925035
-4.106052314146304
-4.138464718581711
-4.173015523612629
-4.209666708345061
-4.24836122288121
-4.289025128684114
-4.3315702395202775
-4.375897078395274
-4.42189796317046
-4.46946004968666
-4.51846819130827
-4.568693732727537
-4.6202512707521795
-4.672919843642392
-4.726597057933779
-4.781187608116045
-4.83660403353776
-3.7657282954260736
-3.7663198516543117
-3.7670153330262837
-3.7678296243447056
-3.768887508256498
-3.769984341888167
-3.771253294047177
-3.7727181996815675
-3.7744062554965803
-3.7763484055436436
-3.7785797538301837
-3.781139999322595
-3.7840738859715697
-3.787431656940532
-3.791269498007668
-3.795649950129339
-3.8006422654674257
-3.806322674987318
-3.8127745293891
-3.8200882692237608
-3.8283611754075055
-3.8376968490890735
-3.8482043712868745
-3.859997099353323
-3.8731910705100088
-3.887903003389396
-3.9042479168718054
-3.9223364204531896
-3.942271769308601
-3.964146815894078
-3.9880410228078285
-4.014017722621709
-4.042121814049437
-4.072378066697339
-4.104790168480235
-4.139340594057163
-4.175991306249591
-4.214685234437009
-4.255348413806901
-4.297892624878231
-4.342218348630054
-4.388217849818642
-4.4357782171795925
-4.4847842192713125
-4.535008483812727
-4.586561530840619
-4.639225834898397
-4.692897792766512
-4.747481787694008
-4.802890008979439
-3.732027276364668
-3.7326224813592566
-3.733321317599982
-3.734134655392514
-3.7351984709920494
-3.736297481161246
-3.737568345748235
-3.7390349288489344
-3.7407244534386277
-3.7426678872110464
-3.7449003554012266
-3.7474615759802137
-3.7503963098585937
-3.7537548152829694
-3.757593291396795
-3.761974290953261
-3.7669670764821688
-3.7726478880168144
-3.779100084142837
-3.786414112220172
-3.794687258990637
-3.804023130525319
-3.8145308119277015
-3.826323663848803
-3.839517726056404
-3.8542297189920975
-3.8705746626022925
-3.888663166675444
-3.90859848584624
-3.9304734711043814
-3.954367582522473
-3.980344148906004
-4.008448063721908
-4.038704089538513
-4.071115905042906
-4.105665972968758
-4.14231624086888
-4.1810096186906875
-4.221672116983769
-4.264215485097387
-4.308540164621277
-4.354538370554409
-4.402097128775254
-4.451101128419482
-4.501435285741486
-4.552873185249837
-4.605533395409773
-4.6592004089725245
-4.713778256913757
-4.769178789399087
-3.6983286161649307
-3.6989272539841322
-3.6996298649317354
-3.7005606497821053
-3.701510970820093
-3.702612006127207
-3.7038846476706784
-3.7053527869939282
-3.7070436718526114
-3.7089882922667075
-3.71122179352929
-3.713783911572596
-3.7167194233340357
-3.7200786013081424
-3.7239176572559236
-3.728299155058567
-3.733292367016518
-3.7389735416990555
-3.74542604510554
-3.7527403309888108
-3.761013691552576
-3.770349737476258
-3.7808575576823618
-3.792650515901478
-3.805844654275515
-3.820556694930933
-3.8369016588056075
-3.854990155958386
-3.874925440518176
-3.8968003621053136
-3.9206943784337436
-3.9466708147896425
-3.974774559733576
-4.005030369247217
-4.037441913375275
-4.071991643675691
-4.108641493386238
-4.1473343542315595
-4.1879962136555005
-4.230538791779331
-4.274862493266011
-4.3208594864823375
-4.368416738416279
-4.417418863811736
-4.46775068492349
-4.51918707672036
-4.571842453579844
-4.6255047954214605
-4.6800768744720935
-4.735470200177555
-3.66463219886321
-3.665234086654514
-3.6660522081789653
-3.6668724714939773
-3.6678249368797826
-3.668927854653483
-3.6702021453537137
-3.6716717264010352
-3.673363868952041
-3.6753095841313206
-3.677544036202031
-3.6801069780852687
-3.68304320187456
-3.686402993532032
-3.6902425767369658
-3.6946245258724426
-3.6996181224499067
-3.7052996230757174
-3.7117524007199822
-3.719066915137434
-3.7273404636515033
-3.7366766612542963
-3.747184600436679
-3.7589776478024173
-3.7721718477055197
-3.7868839238405747
-3.8032288980672857
-3.8213173806951892
-3.8412526253815886
-3.8631274804708458
-3.887021401477949
-3.9129977104050817
-3.941101291229673
-3.971356893774054
-4.003768179993241
-4.038317590975501
-4.0749670465397
-4.113659421321855
-4.154320681094547
-4.196862518566516
-4.2411853037741345
-4.287181161369601
-4.334737003153392
-4.383737374176915
-4.434067008651383
-4.485613031920224
-4.538152978792097
-4.591810853394633
-4.646377509316123
-4.701764077888837
-3.6309379209671166
-3.631542934060847
-3.632363311900063
-3.633185845410178
-3.6341403050392524
-3.6352449707256085
-3.6365207899148957
-3.637991704454712
-3.63968500762515
-3.6416317305212473
-3.6438670553640637
-3.6464307511574345
-3.6493676243385034
-3.652727973608022
-3.6565680339096494
-3.6609503895423448
-3.6659443307042237
-3.671626121570805
-3.6780791416670127
-3.6853938563819146
-3.6936675678366493
-3.7030038950574884
-3.7135119338673483
-3.7253050535485612
-3.738499300514545
-3.753211399918288
-3.7695563744764002
-3.7876448347317235
-3.807580033903891
-3.829454819151547
-3.8533486439438995
-3.879324827223832
-3.9074282486931855
-3.937683652420244
-3.9700946927930008
-4.004643801095955
-4.0412928845721545
-4.079984801833668
-4.120645498325909
-4.163186641043537
-4.207508567545796
-4.253503361494574
-4.301057882959618
-4.3500566116877435
-4.400384199412965
-4.451927667272773
-4.504465775823345
-4.558118502083838
-4.612680041077162
-4.668060269969188
-3.5972456931527255
-3.5979701070678507
-3.598676059371631
-3.5995007052918586
-3.6004570176563617
-3.6015633042463366
-3.602840537882579
-3.604312683500666
-3.6060070553210375
-3.60795470335603
-3.610190826842825
-3.6127552100235745
-3.6156926729209404
-3.619053526293457
-3.6228940157378733
-3.6272767349206516
-3.6322709822354224
-3.6379530289880413
-3.6444062608676817
-3.651721148552147
-3.6599949986571017
-3.669331433980452
-3.6798395534542263
-3.691632728855663
-3.7048270085136057
-3.7195391189362654
-3.7358840836366647
-3.753972513375832
-3.7739076609695807
-3.795782372478388
-3.819676099473021
-3.845652158052175
-3.873755423935387
-3.9040106358220483
-3.9364214410282576
-3.9709702616636875
-4.007618993189716
-4.046310479194939
-4.086970646058057
-4.129511136649711
-4.173832258061572
-4.219826055509815
-4.267379340560533
-4.3163765317522955
-4.366702203541438
-4.418243279450935
-4.4708908426531195
-4.524427696391001
-4.578984361538949
-4.634358634570583
-3.563555445093421
-3.564279225538328
-3.564990382129156
-3.5658169917910087
-3.566775023371507
-3.567882810864212
-3.569161351055373
-3.5706346307319263
-3.5723299839585816
-3.5742784786868813
-3.5765153302938066
-3.5790803374729827
-3.582018333125432
-3.5853796394317876
-3.589220512070635
-3.5936035535629873
-3.5985980700380247
-3.604280339520446
-3.6107337534969117
-3.6180487876089025
-3.626322752681038
-3.6356592750352164
-3.6461674565020816
-3.6579606711802914
-3.671154969178226
-3.6858670782622545
-3.7022120226854973
-3.7203004134142574
-3.7402355028944743
-3.7621101361736944
-3.786003763066449
-3.811979697033748
-3.8400828100931856
-3.870337835942073
-3.9027484152944845
-3.9372969616802003
-3.9739453595279306
-4.012636438343949
-4.053296106623308
-4.095835984602243
-4.140156350784674
-4.186149214318676
-4.233701341279897
-4.28269709282253
-4.333020970980351
-4.384559807822382
-4.437204570981266
-4.49073915511982
-4.545290378833501
-4.600659040769364
-3.5299829326313272
-3.530592981568936
-3.53130621903262
-3.5321346522362065
-3.5330942769317892
-3.534203451830936
-3.5354831963880873
-3.5369575180992574
-3.5386537698577736
-3.540603036645889
-3.5428405491649912
-3.545406119827175
-3.5483445937524394
-3.5517063039503083
-3.555547515647643
-3.5599308397404017
-3.5649255896627148
-3.5706080497723365
-3.5770616170089546
-3.5843767716719297
-3.592650828525668
-3.6019874171822965
-3.612495642172122
-3.6242888797511834
-3.637483181679012
-3.6521952768887664
-3.6685401903213077
-3.686628533137468
-3.70656355744753
-3.728438107369441
-3.7523316310992234
-3.7783074396590584
-3.8064104016333298
-3.836665246067395
-3.8690756075200916
-3.903623891504997
-3.9402719721255215
-3.978962665691953
-4.019621863927108
-4.062161165829397
-4.106480823074453
-4.152472810964836
-4.200023852899945
-4.249018256219316
-4.299340455066726
-4.350877195812087
-4.403519337845204
-4.457047476102391
-4.5115980304458985
-4.566961369546587
-3.4962970258333046
-3.4969083447674607
-3.497623516044253
-3.4984536404517725
-3.4994147390459336
-3.5005251938870154
-3.5018060459036824
-3.5032813222455625
-3.5049783936932473
-3.50692836141578
-3.509166470680421
-3.5117325469351592
-3.5146714469045097
-3.5180335138736796
-3.521875022119804
-3.5262585904656407
-3.5312535392473325
-3.5369361587940507
-3.5433898511750153
-3.5507051010596355
-3.558979226898263
-3.568315861372372
-3.5788241115236805
-3.5906173556103083
-3.603811646921512
-3.6185237154711896
-3.6348685868393136
-3.6529568723726626
-3.6728918238805193
-3.694766284633082
-3.718659701341774
-3.744635382782075
-3.7727381943635017
-3.802992860814515
-3.835403010964448
-3.8699510428457016
-3.906598820905411
-3.945289149093541
-3.9859479034057808
-4.028486662913046
-4.072805654110541
-4.118796820533937
-4.166346845535594
-4.2153399859732845
-4.265660612331839
-4.31719539065596
-4.3698350789131215
-4.423475941890961
-4.477907897198479
-4.533265516691213
-3.4626091775619723
-3.4632252596655517
-3.463942226041955
-3.464773916609782
-3.46573637626946
-3.4668480091752976
-3.4681298766309587
-3.4696060244640874
-3.4713038404698597
-3.4732544412202415
-3.4754930858429725
-3.478059612186733
-3.4809988880084144
-3.4843612663534795
-3.4882030300849305
-3.4925868055338736
-3.497581919561613
-3.5032646681298347
-3.5097184581334178
-3.517033778340812
-3.525307950648716
-3.534644610599014
-3.5451528675664843
-3.556946101664094
-3.5701403675958305
-3.5848523963752297
-3.6011972141762945
-3.6192854325253156
-3.639220302965889
-3.6610946680012453
-3.68498797298894
-3.710963524644086
-3.739066185450487
-3.7693206761412257
-3.801730620222766
-3.8362784087551134
-3.8729258971628666
-3.9116158778245205
-3.952274211992356
-3.9948124600401704
-4.039130824827026
-4.085121220066695
-4.132670291521768
-4.181662248680719
-4.2319814023191045
-4.283514343173387
-4.336151734160576
-4.389789720022461
-4.444219047537611
-4.499571401437034
-3.428925575867176
-3.4295436781648387
-3.4302623086678024
-3.4310954471144637
-3.432059160919745
-3.4331718751821265
-3.434454670567808
-3.435931610680351
-3.437630099520393
-3.4395812683349067
-3.4418203894565362
-3.4443873125440643
-3.4473269158546
-3.450689561714187
-3.4545315411390707
-3.45891548757834
-3.4639107340662196
-3.469593581879386
-3.4760474424529026
-3.4833628083989367
-3.491637004834172
-3.500973669963015
-3.5114819153240635
-3.5232751227453276
-3.5364693482364684
-3.5511813237341547
-3.5675260759647314
-3.585614216629721
-3.6055489970432197
-3.627423259021623
-3.6513164466968617
-3.6772918649051127
-3.7053943734456167
-3.7356486893655694
-3.7680584312379324
-3.802605983635183
-3.8392531935606784
-3.877942842567108
-3.9186007780901884
-3.9611385429628307
-4.00545631785611
-4.051445988482765
-4.098994165313121
-4.147985013373741
-4.198302787418283
-4.249834007558191
-4.302469247610412
-4.356104539824838
-4.410526626310539
-4.465878997276017
-3.3952436896169744
-3.3958635593811737
-3.39658373021125
-3.397418204518654
-3.3983830710207408
-3.399496774705949
-3.400780414669979
-3.402258071457846
-3.4039571645254902
-3.405908839119245
-3.408148380167924
-3.4107156485919528
-3.413655532654388
-3.4170184035160696
-3.420860559944005
-3.425244642141477
-3.430239988986614
-3.435922906773659
-3.442376811209622
-3.449692198509668
-3.4579663967963583
-3.467303046748917
-3.4778112619088994
-3.489604425686347
-3.5027985952929934
-3.5175105035164367
-3.533855177596881
-3.5519432294090176
-3.5718779100747327
-3.593752060803531
-3.6176451246281287
-3.64362040468321
-3.67172275831779
-3.7019768991920734
-3.73438644131945
-3.768933763247992
-3.805580704131379
-3.8442700354023014
-3.884927591554125
-3.927464898966302
-3.9717821174807773
-4.017771106514798
-4.065318443395434
-4.114308251403984
-4.164624732715284
-4.21615434118735
-4.268787567092439
-4.322420337246367
-4.376955058060056
-4.43218920330957
-3.3615633616786766
-3.3621848695260668
-3.362906463526749
-3.363742167472135
-3.3647080902772672
-3.365822695853437
-3.367107100865489
-3.3685854020277666
-3.3702850335561703
-3.3722371540697553
-3.374477060528947
-3.3770446246072954
-3.3799847441154967
-3.3833477986356213
-3.38719009431157
-3.3915742777622073
-3.39656969340248
-3.4022526522656684
-3.4087065740785865
-3.4160219584322564
-3.4242961362523308
-3.4336327505144895
-3.4441409166100163
-3.4559340194041868
-3.4691281172122066
-3.483839943604373
-3.5001845262993854
-3.5182724773452905
-3.5382070477104173
-3.56008107807761
-3.5839740105056332
-3.6099491466020837
-3.6380513414944113
-3.668305305745618
-3.7007146491697176
-3.7352617447338865
-3.7719084242865364
-3.8105974498094453
-3.851254643679114
-3.8937915168450887
-3.9381082095960815
-3.9840965566521476
-4.031643104208025
-4.080631936338991
-4.130947205856707
-4.182475304446712
-4.235106644022377
-4.288737052556917
-4.343268811678135
-4.398495579594414
-3.327884558218974
-3.3285075818250798
-3.329230487985638
-3.3300673207018163
-3.3310342080789455
-3.33214963206328
-3.333434726094936
-3.3349136023430797
-3.3366137091393497
-3.338566217894977
-3.3408064370792974
-3.3433742486483986
-3.3463145595365815
-3.349677757364261
-3.3535201553055636
-3.3579044060801864
-3.3628998593535107
-3.3685828306370666
-3.3750367434403605
-3.3823521005156962
-3.3906262353994423
-3.3999627931939007
-3.4104708909937953
-3.4222639149984584
-3.4354579245325283
-3.4501696538844797
-3.4665141312191263
-3.484601968760409
-3.504536417363394
-3.5264103172652717
-3.550303109675703
-3.5762780948474853
-3.604380125910706
-3.634633910613236
-3.6670430549179422
-3.7015899266370234
-3.738236350833304
-3.7769250806729984
-3.817581927196154
-3.860118386886681
-3.9044345816787556
-3.9504223230937834
-3.9979681280766077
-4.046956043870654
-4.0972701769283715
-4.14879686057292
-4.201426433199332
-4.25505463009239
-4.3095836159175205
-4.36480690433797
-3.294207252904195
-3.2948316764730654
-3.2955557894623313
-3.2963936550238664
-3.2973614195339747
-3.298477582157915
-3.299763292378142
-3.301242677157478
-3.3029431983469633
-3.3048960396130136
-3.3071365204509156
-3.3097045326649335
-3.312644991921638
-3.316008293526169
-3.3198507573621083
-3.3242350419578846
-3.3292305019624475
-3.334913457121435
-3.341483100123311
-3.3487984043535746
-3.3570724728895107
-3.366408952806553
-3.3769169627688425
-3.388709890196672
-3.401903795333748
-3.4164996463503776
-3.4328440035210552
-3.450931713908298
-3.470866028296169
-3.4927397865585053
-3.5166324291810476
-3.5426072552329417
-3.570709116067851
-3.600962716894337
-3.633371660162047
-3.6679183089385488
-3.704564481998389
-3.743252924296636
-3.7839094362756334
-3.8264455008628713
-3.870761222764886
-3.9167483917100316
-3.9642934971560426
-4.013280551734997
-4.063593618347027
-4.115118975510696
-4.167746892621074
-4.2213730180193085
-4.275899406713177
-4.3312352310299325
-3.260531426858555
-3.261157140626402
-3.261882360354999
-3.262721167388119
-3.2636897255331694
-3.264806550423777
-3.266092806907712
-3.267572636129897
-3.269273512909469
-3.2712266326723487
-3.2734673254947766
-3.276035492629449
-3.2789760581151914
-3.2823394246162247
-3.286181918429506
-3.2906819685054067
-3.2956774021619406
-3.301360310716366
-3.307814124603515
-3.3151293523144028
-3.32340333207905
-3.332739712783343
-3.343247614521208
-3.355040425819826
-3.368234207756511
-3.3829456958715047
-3.3992899191268817
-3.4173774901012197
-3.4371958917185945
-3.4590694960108093
-3.482961977844254
-3.508936635275454
-3.537038318100546
-3.5672917292598147
-3.599700468019025
-3.6342468930978438
-3.6708928174597615
-3.709580978424868
-3.7502371665381213
-3.7927728520287047
-3.8370881234355254
-3.883074750012867
-3.930619195382597
-3.979605439642764
-4.029917504764548
-4.081441617784686
-4.134067983316259
-4.187692168118928
-4.242216124363285
-4.297548894617064
-3.22685706866225
-3.2274839684324017
-3.228210199641082
-3.229049860955168
-3.2300191328448027
-3.2311365467206503
-3.2324232821702577
-3.233903493955411
-3.235604669354602
-3.2375580150969796
-3.2397988714310695
-3.24236714869151
-3.245307778959404
-3.2487869359931767
-3.2526294210572284
-3.257013671002982
-3.2620090497407155
-3.267691884833336
-3.2741456098687496
-3.2814607359230283
-3.289734603314776
-3.299070862591405
-3.3095786351470915
-3.3213713105082765
-3.3345649505030392
-3.349276291215799
-3.3656203619743024
-3.383707775554947
-3.4036417827145096
-3.4255152228274053
-3.4492917663625318
-3.4752662442818174
-3.503367739854601
-3.533620954020621
-3.566029483184221
-3.600575682102218
-3.637221358386426
-3.6759092422724513
-3.7165651150727927
-3.759100435129034
-3.803415275810163
-3.84940138713454
-3.8969452084353
-3.9459306892202473
-3.996241812983933
-4.047764758385084
-4.10038966919274
-4.1540120355899885
-4.208533713277106
-4.263863623160885
-3.1931841743897125
-3.1938121610963837
-3.1945393129682023
-3.1953797452068287
-3.196349654241006
-3.197467586621016
-3.1987547360962267
-3.200235270523538
-3.2019366891725123
-3.2038902096569615
-3.2061311820239884
-3.2088152898973967
-3.211755940144815
-3.2151193180069146
-3.218961761840391
-3.2233459460828735
-3.228341238936276
-3.23402397155664
-3.240477580497888
-3.2477925792474616
-3.2560663100531198
-3.2654024249802878
-3.2759100465981135
-3.287702565328104
-3.3008960436691974
-3.315607218197796
-3.331951118586211
-3.3500383578218154
-3.369972186731032
-3.391845444583513
-3.4157375704236657
-3.441596093446372
-3.4696973909752904
-3.4999503992064547
-3.53235871200011
-3.566904680525571
-3.6035501074866803
-3.6422377165618998
-3.682893280463713
-3.7254282464128563
-3.7697426735480644
-3.8157282938144106
-3.8632715237061745
-3.9122562839599873
-3.962566521886531
-4.014088370666267
-4.066711916901167
-4.120332578869323
-4.174852121743355
-4.230179352331362
-3.1595127476885567
-3.160141726987054
-3.1608697127812047
-3.1617108360908004
-3.1626813086566528
-3.1637996915803965
-3.1650871922394495
-3.166567991105151
-3.1682695990084944
-3.170223244065697
-3.1725800475415364
-3.175148409144356
-3.17808904251527
-3.1814523707370936
-3.1852947378314775
-3.189678823082897
-3.1946739987855346
-3.2003565995007204
-3.2068100645714184
-3.2141249097306734
-3.222398479002079
-3.2317344258302247
-3.2422418738375427
-3.2540342142393075
-3.267227510127989
-3.2819384985223103
-3.298282209420814
-3.3163692560381457
-3.3363028893241267
-3.358175948537059
-3.3820678725151874
-3.4080419572735954
-3.4360272830072107
-3.4662800746552622
-3.498688162535248
-3.533233894596579
-3.5698790690653657
-3.608566403569529
-3.6492216628242944
-3.691756283655626
-3.7360703118575653
-3.782055462393967
-3.829598130279114
-3.8785822091809363
-3.9288916123699864
-3.9804124302578163
-4.033034695713015
-4.086653759469413
-4.141171301718311
-4.196496022228618
-3.1258427998999467
-3.1264726817809785
-3.127201418486248
-3.128043156200542
-3.1290141213818785
-3.1301328891399347
-3.1314206799877096
-3.13290168656934
-3.134719194937764
-3.1366729103183824
-3.1389139705847438
-3.141482311471145
-3.144422887526855
-3.1477861281516
-3.151628382823861
-3.1560123354797063
-3.161007362320564
-3.166689801136801
-3.1731430938925924
-3.180457758407848
-3.1887311403339367
-3.1980668943596613
-3.2085741450419922
-3.2203662842910514
-3.2335593757176997
-3.248270156735691
-3.2646136576542335
-3.2827004919349374
-3.302633910708793
-3.3245067533206836
-3.348398458542043
-3.3743723220767747
-3.402473189631725
-3.4327257576847865
-3.4650178446740565
-3.4995633322770456
-3.5362082490906284
-3.5748953071804728
-3.615550263840291
-3.6580845461897904
-3.702398187513478
-3.748382886820023
-3.795925018917319
-3.844908451997862
-3.8952170672964437
-3.9467369149872886
-3.999357977412336
-4.052975541832024
-4.107491208632723
-4.162813577133167
-3.092174350221335
-3.0928050486472696
-3.0935344566531238
-3.0943767349916462
-3.0953481242895635
-3.096467213162639
-3.097755234805842
-3.0993521555096115
-3.1010539790343725
-3.1030077208497016
-3.1052487585303394
-3.1078170357398758
-3.11075751403231
-3.1141206289222674
-3.117962735156467
-3.12234652114367
-3.1273413668209082
-3.1330236130419817
-3.1394767042326555
-3.1467911601470795
-3.1550643279207726
-3.1643998633549324
-3.174906891824595
-3.186698805837657
-3.1998916694500648
-3.2146022204254834
-3.2309454893710687
-3.2490320900187366
-3.268965273742979
-3.29083788007851
-3.3147293478750672
-3.3407029727124646
-3.3688035998465615
-3.399055924819801
-3.4314635356765906
-3.4658930033511273
-3.5025376552708574
-3.541224432953224
-3.5818790868218056
-3.624413034943946
-3.6687262988828637
-3.7147105626562587
-3.762252182059268
-3.811235001299803
-3.8615428714507076
-3.9130618048142267
-3.9656817362005268
-4.019297893197138
-4.073811801216704
-4.129131965276987
-3.058507425912758
-3.0591388584737085
-3.059868861257165
-3.060711609036156
-3.0616833560993553
-3.062918469564515
-3.0642066582631804
-3.065687909268736
-3.06738976592655
-3.0693434859575075
-3.0715844555716156
-3.0741526261453798
-3.0770929660423185
-3.080455916711834
-3.084297837998891
-3.0886814226214754
-3.0936760540930104
-3.09935807617482
-3.1058109356019057
-3.1131251539152616
-3.1213980795944933
-3.1307333694237345
-3.1412401494812334
-3.1530318127769053
-3.1662244237399424
-3.180934720440823
-3.1972777337748197
-3.2153640777714885
-3.2352970041162856
-3.2571693526431797
-3.281060562432228
-3.307033929133315
-3.335134297786498
-3.3653863632739047
-3.3977937123453072
-3.4322229195262177
-3.4688672971424737
-3.507553788194328
-3.5482081367647855
-3.590741752490985
-3.6350546459594506
-3.681038487103245
-3.728579613823266
-3.7775618477374686
-3.827869011508056
-3.879387081774978
-3.9320059486134897
-3.9856207834863486
-4.040133041341636
-4.095451138634584
-3.0248420625481027
-3.025474150135847
-3.0262046739623463
-3.027047822316544
-3.0281356262317867
-3.029255166942578
-3.030543471316771
-3.032024766276666
-3.0337266053751213
-3.0356802556522453
-3.037921111739047
-3.0404891325360053
-3.0434292930452775
-3.0467920404919426
-3.05063373966694
-3.0550170874485194
-3.0600114707787784
-3.0656932361793916
-3.072145832548582
-3.0794597830710866
-3.087732437433245
-3.0970674532742644
-3.1075739572616663
-3.1193653428124164
-3.132557674658229
-3.1472676911351627
-3.1636104234197577
-3.181696485870877
-3.201629130558181
-3.2235011977314216
-3.2473921268610857
-3.2733652138698175
-3.3014653038252737
-3.331717091231229
-3.3641241618620192
-3.398668854307061
-3.4351971861693644
-3.4738833820438826
-3.5145374204226427
-3.557070703105753
-3.601383230407111
-3.6473666590272504
-3.694907310020718
-3.743888983719582
-3.794195476011567
-3.8457127299379605
-3.8983305934506554
-3.9519441852000425
-4.0064548938782965
-4.061771052733122
-2.9911783043130113
-2.991810970810863
-2.9925419444474635
-2.9935011880826394
-2.9944734528067007
-2.9955931327217904
-2.9968814967487294
-2.9983627825820416
-3.000064553727958
-3.002018086330392
-3.004258783256665
-3.0068266107690453
-3.0097665503610136
-3.0131290548944376
-3.0169704939708075
-3.021353568493281
-3.0263476686954527
-3.032029143719971
-3.0384814444876387
-3.0457950956872217
-3.0540674480762764
-3.0634021600219805
-3.0739083586674547
-3.0856994377419844
-3.0988914622098203
-3.113601170633108
-3.1299435944659004
-3.1480293484327677
-3.167961685067276
-3.1898334451595836
-3.2137240687401065
-3.239696852217055
-3.2677966409390686
-3.2980481293224044
-3.330454902491668
-3.3649992976046867
-3.401643096560059
-3.4402132255726308
-3.4808669463886357
-3.5233998928327734
-3.56771205561284
-3.613695078998164
-3.661235268178334
-3.7102164034182445
-3.7605222553588393
-3.8120387353691183
-3.864655651715415
-3.9182680733277286
-3.9727773265703785
-4.028091666480677
-2.957516204351373
-2.9582651417482553
-2.9589964900658017
-2.9598402346908634
-2.960812668242754
-2.96193242910855
-2.963220797435597
-2.9647020214249573
-2.966403674315017
-2.9683570411694316
-2.970597532936181
-2.973165123103231
-2.976104799530908
-2.979467020598395
-2.983308160598316
-2.9876909243360568
-2.9926847052091494
-2.9983658548486627
-3.0048178260617573
-3.012131144903942
-3.02040316306941
-3.0297375395261708
-3.0402434017788065
-3.05203414377388
-3.065225830638589
-3.0799352011232632
-3.0962772869589523
-3.1143627032775028
-3.1342947031633037
-3.1561661280807134
-3.180056418800361
-3.2060288724405988
-3.234128334896363
-3.2643795007982144
-3.296785954955515
-3.331330033459447
-3.367973516148029
-3.4066590940511343
-3.4471967251897553
-3.489729329564665
-3.534041126749759
-3.5800237493369225
-3.6275634875695424
-3.676544102783449
-3.726849341798124
-3.7783650861073728
-3.830981106566606
-3.884592425270929
-3.9391003099226563
-3.994412942011762
-2.923971588061515
-2.924605188394072
-2.925336850309498
-2.926180799990334
-2.927153342041076
-2.928273126380084
-2.9295614440993267
-2.931042553673754
-2.9327440378852248
-2.9346971905640076
-2.9369374306115748
-2.939504738631001
-2.942444108747107
-2.9458060047555708
-2.9496468055358585
-2.9540292196846973
-2.959022643644663
-2.964703431408539
-2.9711550375370543
-2.9784679893166466
-2.986739639243573
-2.996073646758664
-3.006579139612635
-3.0183695118734013
-3.031560828761547
-3.0462698291791663
-3.0626115451371985
-3.0806965922219756
-3.1006282241636662
-3.122499283244954
-3.1463892111692298
-3.1723613060031464
-3.200460414467219
-3.230711231721372
-3.2631173426054083
-3.297661082516513
-3.3343042296309924
-3.3729894720898503
-3.4136425334907883
-3.456059023131998
-3.500370450850772
-3.546352674172985
-3.593891969255514
-3.642872079566985
-3.693176729433928
-3.7446917721500093
-3.7973069432807622
-3.8509172207781868
-3.9054238171031344
-3.9607348445492874
-2.8903129929105926
-2.8909469587099452
-2.8916788688543327
-2.8925229613652963
-2.893495552486137
-2.8946153033652577
-2.8959035157893456
-2.897384458307367
-2.8990857230881995
-2.901038612606166
-2.903278553617097
-2.9058455337534843
-2.9087845533237586
-2.912146081457122
-2.9159865015299045
-2.920368525830168
-2.9253615537343256
-2.931041941475035
-2.937493145236232
-2.944921427631132
-2.953192672750803
-2.9625262760135334
-2.9730313653179055
-2.9847055981420185
-2.997896510334508
-3.012605106110563
-3.0289464177674974
-3.0470310613995255
-3.0669622914864783
-3.0888329512850685
-3.1127224836378695
-3.13869418781349
-3.166792911653483
-3.197043351177844
-3.229449091616226
-3.263992468054793
-3.30063525741239
-3.339320145368701
-3.3799728515847725
-3.42238898540533
-3.4667000368935144
-3.5126818595123677
-3.5602207161361905
-3.6092003333560543
-3.6595044142422735
-3.711018785447958
-3.7636331492249373
-3.8172424418918056
-3.8717478238585956
-3.9270573422821395
-2.856656272889423
-2.8572905371409734
-2.858022631592257
-2.858866805749737
-2.8598393871753274
-2.860959047975706
-2.862247100414157
-2.863727822946432
-2.8654288170040156
-2.8673813936129653
-2.86962098731191
-2.872187592701419
-2.87512621621343
-2.8784873322448115
-2.8824430634501206
-2.8868246517301857
-2.891817239066667
-2.8974971838642483
-2.9039479438461284
-2.911260048393692
-2.919530851232782
-2.928864012385475
-2.9393686597607456
-2.9511581873874495
-2.9643486604657756
-2.9790568180904273
-2.9953976928367987
-3.01336616160993
-3.0332969529822718
-3.0551671770291557
-3.0790562779543627
-3.105027556499672
-3.1331258619416493
-3.163375891509286
-3.1957812311979383
-3.230324216178816
-3.266966622525695
-3.3056511338861148
-3.3463034664365634
-3.3888349907911093
-3.43302989589741
-3.4790113133169047
-3.526549733011878
-3.575528865616959
-3.6258323940958226
-3.6773461199110873
-3.729959713840036
-3.7835680729059895
-3.838072308443057
-3.893380406257727
-2.8230015214438
-2.8236360187521354
-2.82436823478791
-2.8252124302097057
-2.826184943603193
-2.8273044577907838
-2.828592295325997
-2.8300727444367313
-2.8317734157245673
-2.8337256287049324
-2.835964825654864
-2.838531008105458
-2.841584920042615
-2.844945572485639
-2.8487850952713156
-2.8531662078734294
-2.8581583152874748
-2.8638377779284907
-2.870288054888578
-2.8775996763742473
-2.8858699965026315
-2.8952026753724924
-2.9057068407798092
-2.9174958865768446
-2.9306858778452862
-2.945393553729856
-2.961733947115842
-2.979817675267951
-2.9997479944703214
-3.0215020098427523
-3.045390640144626
-3.0713614547082297
-3.0994593045801686
-3.1297088885682998
-3.162113793828866
-3.1966563560302137
-3.2332983508245015
-3.271982460260773
-3.3126343974794126
-3.3551655283508888
-3.3994758043711863
-3.4453410455954647
-3.492879026655982
-3.5418576797493637
-3.5921606687992353
-3.64367377142365
-3.696286628634603
-3.749894100336244
-3.804397251558696
-3.8597040102888482
-2.7893488435239555
-2.7899835098634154
-2.7907157857178753
-2.7915599425849673
-2.792532329804117
-2.793651640700165
-2.794939207962367
-2.7964193294887862
-2.7981196249903575
-2.8000714224392373
-2.802425902052233
-2.8049916049547843
-2.8079292872643826
-2.8112894338588488
-2.81512844126939
-2.8195090324217276
-2.8245006149522096
-2.830179551172974
-2.8366293014158
-2.8439403965722727
-2.8522101910065887
-2.8615423447537256
-2.872045985368909
-2.88383450642241
-2.8970239728042135
-2.9117311236775705
-2.9280709922563366
-2.946154196514307
-2.966083993857376
-2.9879532314696458
-3.011725620863316
-3.03769592943168
-3.0657932828831864
-3.096042381998329
-3.12844681551181
-3.162988920020364
-3.1996304711921177
-3.2383141499187045
-3.2789656667520655
-3.321496383283367
-3.3658062447630783
-3.4116710685079137
-3.459208605899569
-3.508186781151633
-3.558489240135116
-3.610001737870137
-3.6626138871891794
-3.7162205128998727
-3.770722636308957
-3.8260281308743345
-2.7556983562800585
-2.7563331287504456
-2.7570654033743596
-2.7579094621941227
-2.7588816650576384
-2.760000715608296
-2.761287956548692
-2.7627676953777986
-2.764583291653046
-2.766534612392674
-2.768772854242887
-2.771338032667365
-2.774275172394394
-2.777634763472464
-2.7814732067009253
-2.7858532283919017
-2.79084423873247
-2.7965226018192486
-2.802971779092543
-2.810282301985105
-2.818551524958848
-2.827883107838894
-2.8383861778067168
-2.8501741280411808
-2.863363023165481
-2.8780696023309407
-2.89440889910335
-2.9124915322499927
-2.932420760448408
-2.9542894326197002
-2.9781769984821898
-3.0041467649340303
-3.0321278445628566
-3.0623764155401885
-3.0947803360549337
-3.129321944085924
-3.165963015772238
-3.204646231299752
-3.245297299081765
-3.287827576886789
-3.3321370041998404
-3.378117157030622
-3.4255384817285157
-3.4745161772979265
-3.524818111921079
-3.5763300191718996
-3.628941485171382
-3.6825473015075794
-3.737048448163607
-3.7923527471330547
-2.722050189828822
-2.7226850064150434
-2.72341721923774
-2.724261120607703
-2.7252330806609284
-2.7263518132052544
-2.727754403445461
-2.7292336947416063
-2.7309330661807403
-2.732883862768224
-2.7351215500955997
-2.737686150588358
-2.740622695058822
-2.7439816787213873
-2.747819506612543
-2.7521989083713976
-2.7571892966482494
-2.762867037211036
-2.7693155924743307
-2.7766254942630524
-2.7848940969811915
-2.794225060091262
-2.8047275102618037
-2.8165148401661506
-2.8297031140832907
-2.8444090711231595
-2.8607477452319032
-2.8788297560643947
-2.898758363734358
-2.920626419135858
-2.9445133744261476
-2.970482539277206
-2.998578772187936
-3.0287110373674078
-3.061114399379353
-3.095655467969051
-3.132296020222363
-3.1709787360849155
-3.211629322286389
-3.2541591332244515
-3.298468103082674
-3.3444478003754647
-3.3919844318423378
-3.4408458778277002
-3.491147290078478
-3.5426586173349173
-3.5952694203619533
-3.64887445926624
-3.703374674935592
-3.7586778407509156
-2.688404488095996
-2.6890392874304956
-2.6897713781228867
-2.6906150624942105
-2.691586720773417
-2.6928208029218705
-2.6941072102566292
-2.6955860044455173
-2.697284832584982
-2.6992350482221226
-2.701472124779981
-2.7040360916985615
-2.7069719859085812
-2.7103303077988703
-2.714167466621135
-2.718546195287192
-2.7235359088245055
-2.729212974557447
-2.7356608557362048
-2.74297008442252
-2.751238014799281
-2.7605683058057964
-2.771070083451351
-2.782856739784137
-2.796044338658779
-2.8107496191152945
-2.827087615514077
-2.8451689485023115
-2.865096879810542
-2.8869642625633074
-2.910850551687456
-2.9368190600242943
-2.9649146494422802
-2.9951620291514365
-3.0274490538556345
-3.061989535524333
-3.0986295239917987
-3.137311699446248
-3.1779617673971967
-3.22049107932139
-3.2647995645515535
-3.310778784580984
-3.358314936678633
-3.407175894648468
-3.45747678271346
-3.5089875365092476
-3.5615976926921498
-3.6152019814930063
-3.669701306769696
-3.7250033959406044
-2.654761409739975
-2.6553961308668947
-2.656128039104643
-2.6570871748627565
-2.658058462635174
-2.659176373325238
-2.6604622793651034
-2.6619405170773898
-2.6636387427491632
-2.665588318553514
-2.6678247258308945
-2.6703880011097296
-2.673323187490347
-2.6766807905570333
-2.6805172237629558
-2.684895223242431
-2.68988420631433
-2.6956762430760297
-2.702123392060688
-2.7094318905888604
-2.717699092501947
-2.7270286560886223
-2.7375297065759705
-2.749315635280744
-2.7623867986100614
-2.777091343640744
-2.793428602736433
-2.811509197652973
-2.831436391936067
-2.8533030412219267
-2.8771886035668937
-2.9031563954108117
-2.9312512824762997
-2.961497977817134
-2.9939000810713665
-3.0283241950545734
-3.064963570626215
-3.1036451603211064
-3.144294668903863
-3.186823445381362
-3.2311314146754224
-3.2771101317089784
-3.3246457847727653
-3.3736220046416787
-3.4238066002110794
-3.475316783060731
-3.5279263042928672
-3.581529865740992
-3.6360283361430263
-3.691329399413928
-2.6211211291622614
-2.621871441056162
-2.6226030976058015
-2.623446158455665
-2.624417023615287
-2.6255344368595317
-2.626819780479256
-2.628297400459017
-2.62999496237434
-2.631943837137159
-2.6341795141161235
-2.6367420370226293
-2.6396764551940635
-2.6431489806949005
-2.64698462183362
-2.6513618268800685
-2.6563500154466984
-2.662025557693782
-2.6684719181754857
-2.67577962899338
-2.684046043417099
-2.693374818865511
-2.7038750795903335
-2.7156602160258374
-2.728846290930483
-2.7435500431121773
-2.7598865078569284
-2.7778505997911638
-2.7977769911428276
-2.819642840782053
-2.8435276102867344
-2.869494620161684
-2.897588740508961
-2.927834688790939
-2.9602360687611005
-2.9947752288762985
-3.0312982081009126
-3.0699791617127032
-3.1106280650235223
-3.153156265025746
-3.1974636826623186
-3.243441866715611
-3.290976996955753
-3.339952692983519
-3.390136755343304
-3.4416463656556378
-3.4942552595560232
-3.547858111836904
-3.602355757877486
-3.6576558403666746
-2.5875995591953225
-2.5882339329696604
-2.588965285088926
-2.589807946600989
-2.5907783271874667
-2.591895180487116
-2.5931798986933017
-2.594656837549725
-2.596353672049739
-2.5983017819853504
-2.6005366648886756
-2.6032140674497546
-2.6061476452440377
-2.6095036194682537
-2.6133384120755845
-2.6177147656082678
-2.622702101800635
-2.628376792006833
-2.634822301165739
-2.6421291611021784
-2.650394724320249
-2.659722647177507
-2.670222052776129
-2.6820063305270545
-2.6951915425032986
-2.709894427361979
-2.7262300209407417
-2.744308947561814
-2.7642344750010612
-2.7859837548911783
-2.809867659580439
-2.8358338160432153
-2.8639270993312005
-2.8941722319269085
-2.926572822328537
-2.9611112231022796
-2.9977492202575857
-3.036313751019103
-3.0769619979957983
-3.119489575556072
-3.163796401090996
-3.209774017653693
-3.257308596918749
-3.3062837477897964
-3.3565830245153068
-3.4079762953589983
-3.460584565208825
-3.5141867219310043
-3.5686835691644956
-3.6239827104760667
-2.5539654484103593
-2.5545995608542467
-2.5553305467719714
-2.5561727463824977
-2.557142578952941
-2.558258807989809
-2.559542835667163
-2.5610190276187685
-2.5628307718793946
-2.5647780396999678
-2.5670120514229957
-2.569572865626042
-2.572505544515973
-2.575860609627283
-2.5796944871200336
-2.5840699226283528
-2.5890563399163087
-2.5947301113970433
-2.6011747022241862
-2.6084806437509944
-2.6167452875089605
-2.626072288589666
-2.6365707687598157
-2.6483541162572664
-2.661538392373693
-2.6762403355903506
-2.6925749823572023
-2.7106529585319064
-2.730577534419566
-2.7524415750481657
-2.7763245502320335
-2.802174072464001
-2.830266441865575
-2.860510683704942
-2.892910411905397
-2.927447983814065
-2.9640851892050755
-3.002764714371896
-3.0432965144058697
-3.085823418242087
-3.130129606165723
-3.1761066158959794
-3.2236406114065703
-3.272615191335744
-3.3229138968275675
-3.374306585747505
-3.4269142304015863
-3.480515700559987
-3.5350117696022854
-3.5903100039108886
-2.5203347633182545
-2.5209685527371684
-2.5216991097227335
-2.52254078350522
-2.523510002879994
-2.524625541258672
-2.526024514384715
-2.5274998794506285
-2.5291950458999044
-2.5311414119698745
-2.5333744921701458
-2.5359343526726974
-2.5388660622228776
-2.542220147751234
-2.5460530396340904
-2.5504274865523673
-2.5554129142027264
-2.5610856959135995
-2.567529296871537
-2.574834247749439
-2.58309789888412
-2.5924239038817833
-2.602921382974659
-2.6147037230678327
-2.627886984570497
-2.642587905763844
-2.658921523779103
-2.676998466183967
-2.6969220061003267
-2.718785012472952
-2.7426669600316735
-2.768631184545839
-2.7966068587754758
-2.8268501277952516
-2.859248914273497
-2.893785581063084
-2.930421922389687
-2.9691006275890683
-3.0096316655378383
-3.052157838637389
-3.0964633379961035
-3.1424396963811443
-3.189973070431749
-3.238947048909154
-3.2892451603090707
-3.3407530130987735
-3.393244266809909
-3.4468450547233425
-3.5013403612461933
-3.556637717354583
-2.48670775326135
-2.4873411571849244
-2.4880712212996077
-2.4889123037098857
-2.4899965466954805
-2.491111313819824
-2.492393743209085
-2.493868220954592
-2.495562451549785
-2.497507842713617
-2.4997399176779296
-2.502298750381522
-2.50522941623406
-2.508582447633348
-2.512414279184321
-2.516903330680734
-2.521887687376778
-2.527559398846811
-2.534001930210022
-2.5413058113185985
-2.5495683911482483
-2.5588933216433696
-2.569389721332894
-2.5811709756463843
-2.5943531440123686
-2.6089372882867368
-2.625269788786186
-2.6433456070375203
-2.66326801929489
-2.685129898858754
-2.7090107259294856
-2.7349738426487367
-2.7630641426671736
-2.793190655672807
-2.8255884134311287
-2.8601240915454813
-2.8967594894325113
-2.9354373001426453
-2.976083232338629
-3.018492886924846
-3.0627976409038995
-3.108773297884206
-3.156306007510701
-3.205279349014328
-3.255576838641249
-3.3070840696032158
-3.3595746887520885
-3.4131747939739334
-3.4676693486725085
-3.5229658500416035
-2.453084689912879
-2.453717644850143
-2.454562854444632
-2.4554032664937577
-2.4563710435937236
-2.457484979346756
-2.4587665068348254
-2.4602400226453933
-2.4619332415314497
-2.4638775809465847
-2.4661085730748527
-2.468666299812276
-2.471711507604475
-2.4750633960804795
-2.4788940792093292
-2.4832663117543143
-2.4882495230812665
-2.4939200879869627
-2.500361471223368
-2.507664201500991
-2.515925626109343
-2.5252493950216994
-2.535744624792568
-2.547524699167252
-2.560705676472105
-2.5754042945055784
-2.5917355919657092
-2.6098102003709975
-2.6296157149656767
-2.651476367095108
-2.675355972606261
-2.70131788072817
-2.7294069928753673
-2.7596480586199985
-2.7919290012095934
-2.826463599167499
-2.8630979665652045
-2.9017748008889503
-2.9424198133584487
-2.984944347947466
-3.029132563759045
-3.075107463313332
-3.122639459923735
-3.171612123597585
-3.221908958674445
-3.273415543542781
-3.326021272729696
-3.379504930523605
-3.4339987390564732
-3.489294403807466
-2.419581570461573
-2.420214000944585
-2.4209428699180293
-2.4217825530117483
-2.4227495076877825
-2.4238625377815937
-2.425143087029098
-2.426615562781197
-2.4283076903369465
-2.4303665666235537
-2.4325963813800784
-2.4351529074778355
-2.438081234252559
-2.441431905439908
-2.445261364297499
-2.44963236849113
-2.454614348989955
-2.4602836810120228
-2.466723828713677
-2.4740253194017012
-2.482285498401224
-2.4916080134404406
-2.5021019788523375
-2.5138807765018827
-2.5270604634927634
-2.541757777355536
-2.558087757731233
-2.576161038483706
-2.5960809030994465
-2.6179402349400243
-2.641702836068279
-2.667663425794583
-2.695751241327363
-2.7259910411883492
-2.758386468781419
-2.7928041956609184
-2.8294374371915048
-2.868113205233607
-2.908757214233655
-2.951280809159757
-2.995468160347141
-3.0414422400351255
-3.0889734690007646
-3.1379454082959537
-3.1882415506419544
-3.2397474599654976
-3.292352513174538
-3.3459512449738686
-3.4003285422651737
-3.455623383153031
-2.3859672882759675
-2.3865991382019494
-2.3873273120972764
-2.3881661942101253
-2.3891322516218736
-2.3902442985788355
-2.3915237897262376
-2.3931108098016542
-2.3948017481520623
-2.396743723337994
-2.3989722864197
-2.4015275360356814
-2.4044545686472514
-2.4078039337204395
-2.411632078793878
-2.4160017643742955
-2.420982422900936
-2.426766070115404
-2.4332048850620285
-2.440505039141682
-2.4487638755023884
-2.4580850394037834
-2.4685776427456285
-2.4802394183402394
-2.4934177077566484
-2.50811360735319
-2.5244421578240166
-2.542513995636167
-2.5624324085427475
-2.584290285831491
-2.608167127802083
-2.6340106163865373
-2.6620970167789038
-2.692335434278913
-2.7247295220739884
-2.759261673301555
-2.7957779924985235
-2.8344525956864897
-2.875095509206755
-2.9176180796097606
-2.9619202118876933
-3.0077776802306744
-3.0553080804347643
-3.1042792427108727
-3.1545746483966455
-3.2060798472487972
-3.258684198964758
-3.31228221757298
-3.366658770966142
-3.421952795323643
-2.3523579174741704
-2.3529891187401857
-2.3537165261581072
-2.354554532560698
-2.355519614751924
-2.3567462619360016
-2.3580245963720325
-2.3594947270138276
-2.361184401437561
-2.363125068295039
-2.365352288434984
-2.3679061691384105
-2.370831814164355
-2.374295413494282
-2.3781221393004364
-2.3824904012372286
-2.3874696332166505
-2.3931362108275236
-2.3995735963915057
-2.4068723136401
-2.4151297031348955
-2.4244494072785487
-2.4349405351985607
-2.4467164643877837
-2.4598932491231436
-2.474587626323365
-2.4907989944137428
-2.5088692642368735
-2.5287860980314347
-2.5506423916389496
-2.5745176535988383
-2.6004752591525815
-2.6284444596653445
-2.6586813677754955
-2.691073991981503
-2.725604735551527
-2.7622354270547027
-2.8007930624659045
-2.8414347795294113
-2.883956232069649
-2.928257324628569
-2.9742295705188218
-3.021643344625165
-3.070613670708838
-3.1209082896718185
-3.1724127373233166
-3.2250163564734384
-3.278613640964194
-3.332989440752597
-3.388282650403851
-2.318753837245361
-2.319384319696868
-2.3201108867003635
-2.321063601627055
-2.322027612339875
-2.3231374309041253
-2.3244145348845153
-2.3258833660726568
-2.327571683649216
-2.3295109472959115
-2.3318523635295705
-2.3344047631847884
-2.3373289082279425
-2.3406753600668275
-2.344500575018759
-2.3488673192248406
-2.3538450277667815
-2.359510076015254
-2.3659459248900356
-2.3732430957965205
-2.381498926355251
-2.390817055764554
-2.4013065900684545
-2.4130809041999792
-2.4262560508030306
-2.440948766470194
-2.457274094333788
-2.4753426768592712
-2.4952578116162676
-2.5169967397905597
-2.5408702802813434
-2.5668261775454977
-2.5949093733164985
-2.6250289833388365
-2.657420008881379
-2.691949214316662
-2.728578438097356
-2.7672504035769343
-2.807775114056789
-2.8502953462015923
-2.8945953051862245
-2.940566501520417
-2.987979317053563
-3.036948740751132
-3.0872425163682315
-3.138746165920246
-3.191349015568048
-3.2449455393557183
-3.299436329619108
-3.354612961428562
-2.285271129627657
-2.285900807743553
-2.2866264435144
-2.2874624470769604
-2.2884253152812715
-2.2895338952153654
-2.290809676348084
-2.29227711265811
-2.294079603611005
-2.296017347423885
-2.2982415706672947
-2.3007923989199766
-2.3037149513077866
-2.307059795270472
-2.310883391440608
-2.315248508568827
-2.3203401895016915
-2.326003589456913
-2.332437782589122
-2.3397332877366073
-2.347987439301345
-2.3573038729894296
-2.3677916914917834
-2.379564266960481
-2.392622029084756
-2.407312943715725
-2.423636444519227
-2.441703177497005
-2.4616164459774055
-2.4834691608560595
-2.5072251996330244
-2.533179234529889
-2.5612605938210793
-2.591494082557935
-2.6237677149695173
-2.658295239832792
-2.6949228595433157
-2.7335933064301376
-2.7741166098943952
-2.8166355091397746
-2.8609342313389936
-2.9069042845627626
-2.9544317823094426
-3.003284506254918
-3.0535773748693025
-3.1050801728440085
-3.1576822098436326
-3.2112779404015988
-3.265767933903914
-3.3209437445115584
-2.251678866086898
-2.2523076771448736
-2.2530323151082228
-2.2538671987805117
-2.254828835261487
-2.256051723697226
-2.2573260671977056
-2.2587919903213125
-2.260477276963873
-2.2624134103030356
-2.2646359827943265
-2.2671851294881504
-2.2702215823028724
-2.273564691488099
-2.2773865418925427
-2.281749904966093
-2.286724217747378
-2.2923858545318745
-2.2988182725867192
-2.3061119876664398
-2.3143643304339743
-2.323678932611025
-2.3341648931077668
-2.345935580971297
-2.359107045114675
-2.3737960214111946
-2.390117556028244
-2.4080666729183813
-2.427977912214676
-2.4498285865332528
-2.4736982343993117
-2.499650266145145
-2.5276139815399326
-2.5578455088999266
-2.590232911701283
-2.6246429541399805
-2.6612688208671473
-2.6999376079165005
-2.7405750574950307
-2.782976816123909
-2.8272741881831087
-2.873242995284584
-2.9207693457440493
-2.969736758525249
-3.0199129163867036
-3.0714148022722205
-3.1240159768805453
-3.177610875420184
-3.2321000447026567
-3.287390778901082
-2.218093232233321
-2.2187210982073986
-2.2194446550024804
-2.2203939657221006
-2.2213542593941056
-2.22246005884084
-2.223732878807584
-2.225197199244749
-2.226880816992355
-2.2289308352267345
-2.2311516245765826
-2.233698956063943
-2.236617965025343
-2.2399592314954297
-2.2437792249379194
-2.248140719195145
-2.2531131518783516
-2.2587728962142304
-2.2652034070135643
-2.2726107766270554
-2.2808611720392427
-2.29005821829458
-2.3005421726076816
-2.3123108197477764
-2.3254802064931015
-2.340167068345582
-2.35648645328712
-2.3745490154519793
-2.3944580713820547
-2.4161909204029244
-2.440058345699314
-2.466008166948419
-2.4940853685972852
-2.524199121421244
-2.556584444546239
-2.59110816016599
-2.627616463279079
-2.6662834361601444
-2.7069191813884794
-2.7494350634433857
-2.793615268750528
-2.83958271647003
-2.8871078176841913
-2.9360740832701837
-2.9862491973387804
-3.0377501030850746
-3.090350358528567
-3.1439443796363515
-3.19843269090281
-3.2537225605965574
-2.1845147522913995
-2.1852572198080518
-2.1859795918730702
-2.1868119481311536
-2.1877708171327916
-2.188875081793758
-2.1901462700884924
-2.1917244743816573
-2.1934062877410843
-2.1953388371940044
-2.197557738279858
-2.20010314617836
-2.203020204532751
-2.2064750736696084
-2.2102930661214026
-2.214652547159771
-2.219622954923024
-2.225280661410266
-2.2317091187225064
-2.2389988352504155
-2.2472471328996577
-2.2565576341599987
-2.2670394292427836
-2.2788058800904913
-2.2919730311717927
-2.306657617584502
-2.322859093642798
-2.340919287765817
-2.360825947379885
-2.3826720123341705
-2.406421430952266
-2.43236884348238
-2.4604436651026167
-2.490670750196391
-2.522938172577911
-2.5574597000065733
-2.5940815927542125
-2.6326309309007914
-2.6732648132181196
-2.7157789582194205
-2.7600732761251545
-2.8059235386487376
-2.8534472783702527
-2.9024122966701693
-2.9527020085475546
-3.0040861292263976
-3.0566854012194344
-3.110278492449252
-3.1647659052315467
-3.220054882302994
-2.1510595951005187
-2.151685307691825
-2.152406419395227
-2.1532373758136463
-2.154310327931921
-2.15541292849704
-2.1566823502957755
-2.15814310134207
-2.159823006197201
-2.161753586617509
-2.1640860408679528
-2.166629374543169
-2.1695443304099276
-2.1728815015323035
-2.1766973661597366
-2.1810547027072875
-2.1860229493650003
-2.19167847634235
-2.1981047324035963
-2.2053922214317927
-2.21363826010543
-2.2229464654842097
-2.233425922714578
-2.24518998963873
-2.2583547081931274
-2.273036813083639
-2.2893513564946457
-2.307409002482382
-2.327197490301666
-2.349040929314896
-2.3729033308003116
-2.3988481519856357
-2.4268047745826284
-2.4570293144380533
-2.489409925720861
-2.523813434072597
-2.560433042754448
-2.5990959026766594
-2.6396120906598592
-2.682124337086619
-2.7264168970514184
-2.772265560749008
-2.8197878155821687
-2.8687514762301425
-2.9190399464963344
-2.9704229400989446
-3.023021156309988
-3.076613257727494
-3.1310997245066257
-3.1863877740891318
-2.117497128619656
-2.11812164074461
-2.118956998473444
-2.1197864329731178
-2.120742115915384
-2.1218429563432037
-2.1231105105330417
-2.1246848798157507
-2.1263627242733785
-2.128291180355905
-2.13050588843523
-2.1330470251861224
-2.135959751802916
-2.139410209385447
-2.1432237826124525
-2.1475788102483495
-2.1525447304543324
-2.1581979114408143
-2.1646217983188185
-2.1719068900682914
-2.180150497699873
-2.189456232396204
-2.19993317382834
-2.2116946754095026
-2.2248567763427367
-2.239536210911543
-2.255732463153206
-2.2737873190495743
-2.2936885716378526
-2.3155291851500683
-2.339273148450311
-2.3652151132697554
-2.393284548662663
-2.4233907161721033
-2.4557686256953106
-2.4902851940370963
-2.526786676323952
-2.56544717128027
-2.6060768302465056
-2.6484713351220384
-2.6927619739688575
-2.738724581936389
-2.786129525271575
-2.835091706777667
-2.88537882775605
-2.9368763267971416
-2.989357680458312
-3.0429487241338666
-3.0974341899137903
-3.152721270044877
-2.084059250102039
-2.08468245115382
-2.085400731039382
-2.0862285541739345
-2.0871824837123705
-2.088397010484832
-2.0896625464053358
-2.0911192205628386
-2.0927948875706197
-2.0947210976175437
-2.0970490397905204
-2.0995878095864517
-2.1024981351552814
-2.1058306229845143
-2.1096417599508865
-2.1139943283402385
-2.118957765712296
-2.124723950152901
-2.131145292424613
-2.1384278064140494
-2.1466687968395046
-2.155971868401842
-2.1663305731224836
-2.1780892904418048
-2.1912485436920903
-2.205925066755087
-2.222233917014604
-2.2402857706020405
-2.2600684113773846
-2.2819059208645927
-2.305762373069907
-2.331585671922871
-2.3596520273221975
-2.3898708046134782
-2.4221301745669024
-2.456643897531796
-2.4932583287461334
-2.5318006036390437
-2.5724278333850026
-2.614820099603416
-2.6591086388863245
-2.705069315784673
-2.7525882154707406
-2.8014330810725556
-2.851718734039558
-2.9032148950678636
-2.9556950360354772
-3.009284945481876
-3.0637693473126544
-3.119055408540495
-2.0505154511046593
-2.051137260656669
-2.051969555573759
-2.0527956318182423
-2.053747663625802
-2.0548445882655857
-2.056107992717264
-2.057677973908701
-2.0593512928836595
-2.0612750821562655
-2.063485008834344
-2.066021272543609
-2.0690445632500754
-2.072374455007232
-2.0761829697432352
-2.0805328914880823
-2.0854936570724414
-2.091141629091409
-2.097560243464407
-2.104839987311066
-2.1130781582039337
-2.12237835356168
-2.1328496403451207
-2.144605361769989
-2.157761550826361
-2.172434940967351
-2.1886250626963326
-2.206673630127186
-2.226568501704778
-2.2484026710900604
-2.2721401873211
-2.2980756936582636
-2.3260231516669725
-2.3562386309864127
-2.3886104213832597
-2.4230054482011787
-2.459616907111769
-2.4981563966836986
-2.5387809720704397
-2.5812864389592365
-2.62545703574383
-2.671415602633618
-2.7189325728579847
-2.767775700470485
-2.8180597547449224
-2.869554462585855
-2.9221490151731366
-2.9756219811265554
-3.0301052475732413
-3.0853902325132854
-2.0170977094626275
-2.0177180054483097
-2.018433026326998
-2.0192572563512594
-2.0202072839230842
-2.021417589676222
-2.022678693953124
-2.0241307220095255
-2.0258015610935645
-2.0278382995129243
-2.0300455791863574
-2.0325791446675505
-2.0354841854024666
-2.0388113216196304
-2.042732531729292
-2.0470796199056895
-2.0520375222918563
-2.057682597996516
-2.0640982774971546
-2.07137504102299
-2.0796101784178815
-2.0889072792345216
-2.0993754032037684
-2.1111278877660746
-2.1241652683664216
-2.1388352432955453
-2.155137400993156
-2.1731824322532978
-2.192958185221908
-2.2147886871789746
-2.238638097972909
-2.264454394098793
-2.2925137819817247
-2.322725712956451
-2.354978420508935
-2.3894856971670344
-2.4259783181552432
-2.4646303720554976
-2.505136440330595
-2.5476392016277
-2.591922981984211
-2.6377635826523864
-2.685278445328228
-2.734235371387861
-2.784401987593466
-2.8358951152565646
-2.8884882313549167
-2.941959896392247
-2.9964419469455223
-3.051725789783805
-1.9835756871233403
-1.9841943808492601
-1.9850231464135453
-1.9858453792969737
-1.9867932415196887
-1.9878857009772792
-1.989259893462742
-1.9907093496456494
-1.9923775170097593
-1.9942959930590565
-1.996500473683073
-1.9991466482853566
-2.002048762629967
-2.0053729338525104
-2.0091756612867386
-2.0135197313350663
-2.01847457779938
-2.0242320046322173
-2.0306445322659346
-2.0379180913167954
-2.0461499630882067
-2.0554437284865568
-2.0657929757843103
-2.077541947508263
-2.0906912170728407
-2.1053575171147085
-2.121655915127666
-2.139581606053656
-2.1594689502492184
-2.181295505637316
-2.2050254042680706
-2.2309532582796376
-2.2588931575417703
-2.2891011731388367
-2.321465688403062
-2.3558536938292134
-2.39245841727109
-2.430991509770423
-2.4716100673079504
-2.513994254562419
-2.558275297636787
-2.6041134086301616
-2.6516259689235278
-2.7005808012565105
-2.750745539324227
-2.802236947032227
-2.8548285040824144
-2.9084144852148626
-2.9627795074645165
-3.0180621334038618
-1.950181429699569
-1.9507983858825342
-1.9515096738121867
-1.9523297988567485
-1.953390874598581
-1.954480861108892
-1.9557369217820342
-1.9571836642058154
-1.958964475936974
-1.9608800132709867
-1.9630814812724828
-1.9656091170804357
-1.9686235712712874
-1.9719445737785444
-1.9757440931773773
-1.9800849167225119
-1.9850364760966432
-1.9906751212759701
-1.9970842693735633
-2.0043543841615095
-2.0125827373068477
-2.021872900046091
-2.0323339154013054
-2.0440791075641216
-2.057224498115463
-2.071886819284221
-2.088065667569655
-2.106102666052686
-2.125985774481179
-2.14769253014185
-2.1715336111990218
-2.197341623368507
-2.225392748173477
-2.2554809995532294
-2.2878413513299933
-2.3223409592134456
-2.3588262409669207
-2.397471315368166
-2.437970808951742
-2.4804674360659242
-2.524629857214224
-2.570580892978693
-2.617975291945575
-2.666927837904176
-2.717206215852514
-2.7685800605777615
-2.8211699234403094
-2.874754367288419
-2.9291179973937123
-2.9843993220386933
-1.9166848241610515
-1.9174154467628757
-1.918124661318951
-1.9189425100686774
-1.919885623322062
-1.9210884754981081
-1.9223417465155732
-1.9237855663595622
-1.9254478768436114
-1.9274757435390957
-1.9296739977153952
-1.9321983532792537
-1.9350940300189852
-1.9385270802013501
-1.9423231687079232
-1.9466605170623557
-1.9516085542577666
-1.9572436247686766
-1.9636491378905476
-1.9709155478988751
-1.9791401160534923
-1.9884264031582928
-1.9988834427566713
-2.010624551555156
-2.023765746695441
-2.03830831993748
-2.0545981941873146
-2.072630676526961
-2.092393714469614
-2.1142112775540998
-2.1380476650712765
-2.1638509697712105
-2.191897433180316
-2.221981075335419
-2.2543369470227868
-2.2887166139266824
-2.325197734180604
-2.3638388048796735
-2.4043345692512506
-2.4468276723598263
-2.4909868633518566
-2.5369348943221524
-2.584442238571318
-2.633276624841237
-2.6835527431293222
-2.734924567995419
-2.7875125879210056
-2.8410953646677553
-2.8955732132351755
-2.9507374203859564
-1.8833179690620592
-1.8839311031726569
-1.884753609818406
-1.8855690298479466
-1.8865095149024935
-1.8875940841603203
-1.8889598524709759
-1.8904005573139808
-1.892059631091532
-1.894084148503465
-1.8962789747739086
-1.8987998298954727
-1.9016919443517348
-1.905121362306049
-1.908913781782995
-1.9132474102797965
-1.918191673462931
-1.923822909493672
-1.930224518902869
-1.9374869454374057
-1.9457074388943125
-1.9549895486373134
-1.96544229785179
-1.9771789950940692
-1.9902002533385978
-2.00485357215988
-2.02113865871662
-2.0391662428590465
-2.0589242914509596
-2.0807367914855823
-2.1044525845415456
-2.1303662681759596
-2.1582921310418834
-2.188486288913468
-2.2207217095778873
-2.255096648164605
-2.2916887616905353
-2.3302099285583227
-2.3708171964841855
-2.4131908750312627
-2.4574621464887216
-2.5032912848073994
-2.5507956299248393
-2.599627318463187
-2.6499009699563074
-2.701386275839434
-2.75385660511776
-2.807437571606451
-2.861913779381641
-2.9170764996344123
-1.8499664880345301
-1.8505775004905007
-1.8512821668894763
-1.8522104723596649
-1.8531481559579366
-1.8542297310529667
-1.8554768945884783
-1.8570297077755282
-1.8586853320719903
-1.8605908653050105
-1.8628974433559315
-1.8654145634889536
-1.868302874587952
-1.8716130324039386
-1.8755169014749478
-1.8798465483230384
-1.8847867676939416
-1.8904138905390437
-1.8968113075844177
-1.9040694509191693
-1.9122855577257805
-1.9215631648309663
-1.9320112841069326
-1.9437432152394782
-1.956759585012227
-1.971407852323058
-1.9876877508732205
-2.0055946086545013
-2.0254626618338243
-2.0471542277268724
-2.070979911240208
-2.0967725672471067
-2.124808374804485
-2.1548815699577935
-2.1872271791246045
-2.2215969476181887
-2.258068558780111
-2.296700558730865
-2.337187788009495
-2.3796729031840367
-2.4238246880454763
-2.469765907565269
-2.5171513479878747
-2.5660957409758165
-2.6162510472750964
-2.667733926298373
-2.7203177943201866
-2.7737810911266054
-2.828255521164313
-2.8835323596013067
-1.8166316123016968
-1.8172403600837157
-1.8179425084105985
-1.8187526099628257
-1.8198027414471816
-1.8208811268759315
-1.8221249174915257
-1.8236741767289117
-1.8253261254945194
-1.8272278638986579
-1.8295305200545735
-1.8320436553474428
-1.834927906018167
-1.8382339349389374
-1.8421335783022759
-1.8464589633614288
-1.851394849844537
-1.8570175605028478
-1.863410475115419
-1.8706640128782392
-1.8788753971026642
-1.888148150884393
-1.8985912737449424
-1.9103180557194532
-1.9233291442237836
-1.9379719428541897
-1.9542462198408788
-1.9721473342186329
-1.9920095045980373
-2.0136951083017167
-2.037514762113279
-2.0633013790128425
-2.091331177417545
-2.1213984413686338
-2.15362273916919
-2.1881024001667453
-2.224568603096709
-2.263079905560028
-2.3036778460031933
-2.346042817714171
-2.390306006068483
-2.4361277020800407
-2.4835096013251117
-2.5324507436800316
-2.5827188114091983
-2.634083370212857
-2.686664858352494
-2.740126035738648
-2.7945985369986803
-2.8498736278943855
-1.7833146731791492
-1.783921005166412
-1.7846204693291532
-1.7854276314341457
-1.7864745641121096
-1.7875495526187908
-1.7887897511675495
-1.7903352186722097
-1.7919832517350378
-1.793880945945216
-1.796179414230663
-1.798688298509464
-1.801568214602701
-1.8049851368496217
-1.8087649510346344
-1.8130857745046616
-1.8180170183454454
-1.8236349960149356
-1.8300230750910866
-1.837271660525456
-1.845477960387411
-1.8547454827419096
-1.8651832136328519
-1.876904432599828
-1.8899098150175349
-1.904546693481666
-1.9208148793440456
-1.9387097711154664
-1.9585655573769647
-1.9802446921157715
-2.004057793974177
-2.029837850788501
-2.057745657660695
-2.0879219274780594
-2.120139910804961
-2.1544979346378312
-2.1910737729864005
-2.2295794654648162
-2.2700565467822615
-2.3125321478603587
-2.35667511878688
-2.4024925862915416
-2.4499862289622754
-2.4988082088552948
-2.549073068447596
-2.6004347659193847
-2.653013658864365
-2.706588227491258
-2.7609429344300978
-2.8162161338339455
-1.74990170576385
-1.7506208665896867
-1.7513174708708812
-1.7521215023645378
-1.7531650224299502
-1.7542363942789345
-1.7554727682574236
-1.7570141914483497
-1.7586580536196803
-1.7605514384602337
-1.7628454356836731
-1.7653497853722002
-1.768225074510355
-1.771637236903319
-1.7754122540689723
-1.779728195087154
-1.7846544643479143
-1.7902673648096261
-1.7966502504725828
-1.8038935105659148
-1.8120943364215845
-1.8213562196590878
-1.8317881316206972
-1.8435033404354755
-1.856502557304339
-1.871133026970833
-1.8873946131535775
-1.9052827629204985
-1.9251316214683547
-1.9468037373808074
-1.9704943465728497
-1.996382651447405
-2.024283357353764
-2.054337161008857
-2.0866637219596234
-2.121015078653775
-2.157468985415729
-2.195968569649219
-2.2365554116750013
-2.278910028118707
-2.3230479874673065
-2.3689764251501457
-2.4163502148675677
-2.4652839913411375
-2.5154297124614122
-2.5669039506855014
-2.619364347974288
-2.672936379885615
-2.7272888308797274
-2.7825599799933967
-1.7166251051169845
-1.7173414915347602
-1.7180350499993762
-1.718835748460794
-1.7198756292161996
-1.7209431514278435
-1.7221754541531211
-1.7237125647221958
-1.7253519848520356
-1.7273560407156223
-1.7295300029601863
-1.732029515933374
-1.7350150977111065
-1.7383069374900926
-1.7420768254250236
-1.7463875405655085
-1.7513084795131382
-1.7570311362134272
-1.7634084382294812
-1.7706459724492303
-1.7788409121714928
-1.7879815112688109
-1.7984071434202333
-1.8101158589460669
-1.8232236397021417
-1.8377319453495355
-1.8539863810628538
-1.8718672258660105
-1.8917085672735763
-1.9133730677696013
-1.937055969137881
-1.9629365077361987
-1.9908294968497717
-2.0208756715394367
-2.053079309691629
-2.0875388559488552
-2.123985782702453
-2.1624787112627093
-2.202943733049582
-2.245292459656722
-2.289540496327233
-2.3353482967406816
-2.382717476100757
-2.431647022476421
-2.481788955529506
-2.533259752828145
-2.5857170913817944
-2.6392863584917308
-2.693752052243482
-2.7489052784386607
-1.6833711282971184
-1.6840845529128396
-1.684774868789872
-1.6855720198630804
-1.6866080209313168
-1.6876714464799334
-1.6890146720878563
-1.6904319291565852
-1.692066619137164
-1.6940657243811172
-1.6962346523531766
-1.698844209349245
-1.70170925146914
-1.7049957118548198
-1.7087601154126018
-1.71318039931173
-1.7180956084927006
-1.723697207243643
-1.7300685181885609
-1.7372998945226559
-1.7454884894204072
-1.7547377571537877
-1.7651566357888426
-1.7767431602614183
-1.7898436800503394
-1.804344536665661
-1.820591225374888
-1.838464155045261
-1.858297340202192
-1.8799535780118144
-1.9036281116614675
-1.9295002092253974
-1.9573848126577422
-1.9874226936346737
-2.01961820136561
-2.053954398307497
-2.0903937152569423
-2.128994859885623
-2.169453032189744
-2.2117953390335825
-2.2559218592871706
-2.301839733634706
-2.3492038729089932
-2.3980132323377177
-2.44826665204451
-2.4996180692618895
-2.5521877287539643
-2.6056383222080814
-2.6601013205672785
-2.715252151499725
-1.65025688247733
-1.6508518595288142
-1.6515387245662798
-1.6524473520289282
-1.653363967748755
-1.6545382760545402
-1.6557615873241747
-1.6571740063451197
-1.6589188397163215
-1.6607974851074874
-1.6630762178414595
-1.6655650284177568
-1.668424442435636
-1.6718202927446164
-1.6755788020657987
-1.6798779119193328
-1.684787000130276
-1.690382330150145
-1.696747206070224
-1.7039719600755832
-1.7121537232778883
-1.72139592848522
-1.7318074947374253
-1.7435016498114546
-1.7564791838855118
-1.7710871277139555
-1.7872102779444885
-1.8051898218606597
-1.8248989670820286
-1.8465462399689325
-1.8703269614145643
-1.896074613683606
-1.9239501049557015
-1.9539789700274992
-1.9861656360695878
-2.0204932409042575
-2.0569242847514717
-2.095402062248386
-2.1358527604465904
-2.17830356987734
-2.222423589080731
-2.268219890718315
-2.3155785389227614
-2.3644984998590415
-2.414631767454299
-2.4659791222173313
-2.518545107697089
-2.5719924440726274
-2.6264525063644797
-2.6817164299912846
-1.617053701773592
-1.617645367070562
-1.6184437913857563
-1.6192331082014049
-1.6201453844465497
-1.6213149858482976
-1.6225333890992069
-1.6240558108952936
-1.625680052521619
-1.6276682795363016
-1.629826076791293
-1.632309018093943
-1.6352775081322228
-1.6385520474110273
-1.6423042852328418
-1.6467120557743855
-1.6516145652144179
-1.6572031570251553
-1.6635611152957954
-1.6707787495605442
-1.678953167164708
-1.688187777811842
-1.6984763881268403
-1.7101623569611155
-1.7232465776199055
-1.7377306319402148
-1.7539598987922393
-1.771814949514169
-1.7915145631184335
-1.8132673174602565
-1.8369229183372202
-1.8626606529119802
-1.8905262430380323
-1.9205453076533372
-1.9527223591218488
-1.9870406176589046
-2.0234626594358645
-2.061931845473319
-2.1023744172604157
-2.1447020991600447
-2.1888150220058735
-2.234720323402889
-2.2820729828084234
-2.33087189409115
-2.3810002341101835
-2.432458767446857
-2.4849051293229643
-2.5384645676135977
-2.5928057753011022
-2.6480668424202576
-1.5838790477959288
-1.5845823908462933
-1.5852616356044025
-1.5860466804897824
-1.5870694827711953
-1.5881189305405297
-1.589447230128944
-1.5908489684759157
-1.5925825919711167
-1.59444972068235
-1.5967164939044485
-1.5991931294453527
-1.6020400835125155
-1.6054230890501615
-1.6091685879724031
-1.6134544009076435
-1.618464906373194
-1.6240462692264832
-1.630396797388548
-1.637606775501063
-1.645773284895354
-1.6548846677169076
-1.6652798544840863
-1.6769570186833902
-1.6899170270956847
-1.7045067128533848
-1.7206110752440635
-1.7384560612337927
-1.7582604677543991
-1.7798874730076726
-1.8035323758488495
-1.8292593390787057
-1.8571141712294321
-1.8871225831432055
-1.9192891802562149
-1.9535972728330395
-1.9900095201090184
-2.0284693557806164
-2.0689030810352826
-2.111222465328173
-2.1553276693431815
-2.2011103002206402
-2.248456423882079
-2.2972493882935807
-2.347487930572336
-2.39882600076188
-2.4512680259521265
-2.5048235568001953
-2.5591613077377278
-2.6144192652531157
-1.550850379073105
-1.5514347313750199
-1.5521098222098901
-1.5530054273169556
-1.5539081297708046
-1.5550674073317232
-1.556274980956858
-1.5577859322123084
-1.559398330230746
-1.5613741743845255
-1.5635193280621165
-1.5661042815011603
-1.5689443469667617
-1.5723202716296691
-1.5760585642274494
-1.5803370042673734
-1.5852249304031372
-1.5907985513325698
-1.5972560715107653
-1.6043428451820674
-1.612500827263764
-1.6217184068383168
-1.6321044356681822
-1.6436570882741275
-1.6567222519608524
-1.6711866618876332
-1.6873954905711603
-1.705229572183347
-1.72490765446932
-1.746523216698291
-1.7701565064564437
-1.79587177159674
-1.823714915305829
-1.8537117487874017
-1.885866979132781
-1.9201640149961139
-1.9565656064255874
-1.9950152666502596
-2.0354393622904055
-2.077749712359573
-2.1218465105305784
-2.1676213806675526
-2.214960390286402
-2.263746875564991
-2.3138639687574263
-2.3651967584574245
-2.4177496565274104
-2.471185318303219
-2.52563495251807
-2.5807738709190775
-1.5177397651166065
-1.5184352345508485
-1.5191058602368452
-1.5199965648033478
-1.5208939931251657
-1.522047609150579
-1.5232492155370319
-1.524753870823806
-1.526359738623914
-1.5283287781724926
-1.5304669530255517
-1.5330446907373072
-1.535877403463991
-1.5391308113074071
-1.5429763376210834
-1.547246885279033
-1.5521267161924575
-1.5576920166913526
-1.564025996717029
-1.5712188829790954
-1.579367696709962
-1.5885757644676284
-1.5989519116246735
-1.610494335938449
-1.623548822854345
-1.6380021891954626
-1.654084546658991
-1.6720218256721249
-1.691687780604969
-1.7132909543637893
-1.736911672563254
-1.7626142747252809
-1.7904447660289873
-1.8203138390104472
-1.8524567113206964
-1.8867417225256276
-1.9231317219277064
-1.9615703097595345
-2.001868523366335
-2.04416899541581
-2.0882566030532392
-2.134022989579811
-2.181354225305533
-2.2301336344696674
-2.28035989088378
-2.3316869208641116
-2.3841190434519284
-2.4376657325927753
-2.491995587091162
-2.5471308470946394
-1.484780172514779
-1.485356255153375
-1.486137207788811
-1.4869076416879554
-1.4879145097038977
-1.4889470840368844
-1.4902573511966608
-1.4917552943113896
-1.493354210673889
-1.4953159900640263
-1.4974467275280468
-1.5000167571721792
-1.5028416221798369
-1.50620186276695
-1.5099242090981648
-1.5141863083144844
-1.5190574639455192
-1.5246138374415021
-1.531053452354166
-1.5381219722152704
-1.5462609143800379
-1.5554587292608815
-1.5658242135268357
-1.5773556016003956
-1.5903985456518068
-1.6048399741950596
-1.620909954400828
-1.638719438147811
-1.6584872299663254
-1.6799619426359855
-1.7035689855248297
-1.7292578003237136
-1.757074504930762
-1.7870451381777057
-1.8190594147938137
-1.8533313495783568
-1.889708739507178
-1.928135279955916
-1.968422105274354
-2.0107118620332316
-2.0547894952609456
-2.10054666923153
-2.1478694573229453
-2.1966411710049836
-2.24674489209717
-2.2980656382348092
-2.350607734145358
-2.4040337493077573
-2.4583591250446855
-2.5136060493720125
-1.45185929915945
-1.4524308276070184
-1.4532066907177996
-1.4539716092227946
-1.4549724663384471
-1.455998669266489
-1.4573021292110595
-1.458792918189388
-1.4603844357403633
-1.4623384704777647
-1.464461282624109
-1.4670230795892718
-1.4698395690554658
-1.4731911367129342
-1.4769046717576533
-1.4811577273379959
-1.4861343611333515
-1.4916811419447598
-1.4979960171940143
-1.5051691450964484
-1.5132974761349198
-1.52236945855884
-1.5327234366316325
-1.5442429154421051
-1.5572733801057386
-1.571701903134339
-1.5877584923915264
-1.6055541339205486
-1.6251926872684492
-1.646767836920752
-1.6703600878362292
-1.6960339900887988
-1.723720687154993
-1.7536764684556134
-1.785791373613245
-1.8199339325733297
-1.8562976073352595
-1.8947110406551735
-1.9349854784915534
-1.977263572104246
-2.0213303463395023
-2.0670774888479353
-2.1143910769116285
-2.163154408679833
-2.213250538165733
-2.264564443657726
-2.3169847964182866
-2.3704053280228834
-2.4248414532853446
-2.4799683658691314
-1.4189802334532295
-1.4195469221092678
-1.4203173633807484
-1.4210764209229778
-1.4220708762472714
-1.423205183636107
-1.4243865147009087
-1.425869680329267
-1.4274533240201934
-1.429399098925757
-1.4316282423747029
-1.4340664720310188
-1.4369887626723843
-1.4402163135878747
-1.4439204269354902
-1.4482784960216168
-1.4531303661717319
-1.4586668700539691
-1.4649711195873747
-1.4721332333733426
-1.4802501212315198
-1.4894250028856089
-1.4996518542380826
-1.5112732136386158
-1.5241754529650726
-1.5385900231804313
-1.5546321237571608
-1.5724127782053405
-1.5920359053171427
-1.6135952706663435
-1.6371714807702822
-1.6627142026666502
-1.6904997362063616
-1.7204394590769791
-1.7524234220795507
-1.7866657613537127
-1.8228993553004589
-1.8612985297013338
-1.9015594937986822
-1.943824893745226
-1.9878798470897687
-2.0335006332215504
-2.0808041538714526
-2.1295583164331386
-2.179646145459121
-2.2309525770518066
-2.283366230762962
-2.336896378451627
-2.391211539001597
-2.4463337184316565
-1.3861463125431281
-1.3867078594864404
-1.3874725271002883
-1.3883402049373412
-1.3892129974269651
-1.3903400144875309
-1.3915137149270036
-1.392988759190034
-1.3946787484869536
-1.3965009920905245
-1.3987210265839263
-1.4012646620291576
-1.4040626150709876
-1.4073950124725272
-1.4110890066255821
-1.4153219828847414
-1.4202777996973366
-1.425803261575458
-1.4320960927637638
-1.4392463691960147
-1.4472363198803109
-1.456398361190077
-1.4667265731061971
-1.47821930919355
-1.4911070722232531
-1.505621267840343
-1.5216477158695247
-1.5394121811355155
-1.5589038204287964
-1.580446076168235
-1.6040048907420006
-1.6295301030603992
-1.657298062161563
-1.687105292847832
-1.7191871852666876
-1.7532976538490024
-1.789515101998245
-1.827898765728397
-1.8681450752676583
-1.9103966612480294
-1.9544387478310967
-2.0000476538690637
-2.047340256534666
-2.0960844691300267
-2.146163284548153
-2.1974615935725983
-2.2498679602363327
-2.303275995336924
-2.357585350222722
-2.4128180021063192
-1.3533611423175254
-1.354032026458775
-1.354675750117069
-1.3555367108165275
-1.3565171032548267
-1.357521609200812
-1.358801874618077
-1.3602682715119374
-1.3618345440937363
-1.3637621271272138
-1.3659724531973416
-1.3683914514702864
-1.3712937861740775
-1.3745010066834515
-1.3782987692559183
-1.3825206138092545
-1.3873503345436156
-1.392978508844003
-1.399259074846411
-1.406282070147799
-1.4143733912105463
-1.423521628869484
-1.433720852510599
-1.445313193195081
-1.458185318430406
-1.472568507342806
-1.4885779986223584
-1.5063249012751612
-1.5259132688170314
-1.5473222425556605
-1.5708621920096868
-1.5963684194960188
-1.6241173056097553
-1.6539056427908145
-1.6858538601028696
-1.7200612486199613
-1.7562611701312942
-1.79451285506714
-1.8348584576343623
-1.8769797807268715
-1.9210078634749541
-1.9666038428403911
-2.013884558650072
-2.0626179367834947
-2.1125714370390574
-2.163860861875316
-2.216259264349439
-2.2696601876052513
-2.324078804449647
-2.379190198250788
-1.320743364867161
-1.321293588641551
-1.322045582985958
-1.3227847029092106
-1.323757371971837
-1.3248683704777597
-1.3261398769701789
-1.3274824388387914
-1.3291537591945657
-1.331071330529642
-1.3332712929620694
-1.3356796740637815
-1.3385709986316228
-1.3417669740231397
-1.3455530818761168
-1.3497630102544398
-1.3545804377280208
-1.360081357093614
-1.3664632031104789
-1.3734725951090385
-1.3815496563830565
-1.390683016515441
-1.4008667781627677
-1.4124428820558592
-1.4252981236628177
-1.439663705161206
-1.45565488778953
-1.473268192906806
-1.4928369515474882
-1.5143406396894028
-1.537745419335941
-1.5632310610336535
-1.5909592477066274
-1.620727085600864
-1.6526551148405093
-1.6867277238292917
-1.7229085769711794
-1.761257138898268
-1.8014702085363028
-1.8435752362479154
-1.8875880790315154
-1.9331699937172382
-1.980437769085581
-2.0290439035149612
-2.0791021569950447
-2.1303819401955333
-2.1827716928066128
-2.2361648852983445
-2.29046101916955
-2.3455662849366896
-1.2880675632878626
-1.2887262552285463
-1.2894712976128921
-1.2902028788129427
-1.2911673313954117
-1.292269534862642
-1.2935317109954232
-1.2948645348812073
-1.2965255891639524
-1.298432482159533
-1.300621384013638
-1.303018445080189
-1.3058980010538748
-1.3090819648841852
-1.3128555917273783
-1.3170527645413133
-1.321971374766486
-1.3274586401897264
-1.3337118785167568
-1.3408210118745632
-1.348768367108397
-1.3578856917971367
-1.3680527890306675
-1.3796113585605196
-1.3924483695097507
-1.406794923620879
-1.4227663070329473
-1.4403591531359827
-1.4599067475867264
-1.4812740738925387
-1.5046567817424479
-1.5302348408226645
-1.557825822212914
-1.587571417480013
-1.619477536604101
-1.653528762937067
-1.6896889419215264
-1.7279025584475853
-1.7680967926445788
-1.8101840964831988
-1.854180355586493
-1.8997469682775021
-1.9470006576116443
-1.995593959354319
-2.0456405650535365
-2.0969098496361953
-2.149174660658091
-2.2025594023684447
-2.2569635921139977
-2.312062189475102
-1.2555676789289714
-1.2562196859118229
-1.2568427769146155
-1.2576809036491077
-1.2586366097559603
-1.2597294496481717
-1.2609816899133461
-1.2623041602552203
-1.2639542736067495
-1.2658497801015358
-1.2680268802642651
-1.2705261922109343
-1.2732788523369973
-1.2765642490444469
-1.2802102496917211
-1.2845080155296593
-1.289298119986174
-1.294770752629653
-1.3010087880115266
-1.3081020870426818
-1.3161472969629318
-1.3251330902920437
-1.3353965092564062
-1.3468218585172316
-1.3596391822938099
-1.3739651725680002
-1.389915142972523
-1.407485866335179
-1.4270105451796953
-1.4483544349973345
-1.471713256852506
-1.4971524192758265
-1.5247191285726966
-1.554440588525494
-1.5863229276795634
-1.6203509419125022
-1.6564886740686904
-1.6946807834720488
-1.7348545956985442
-1.776922675329639
-1.8207857367887066
-1.866335702303116
-1.9135740600808713
-1.9621533981397186
-2.0121873229397944
-2.0633296945975994
-2.1156997196123384
-2.169075288236057
-2.2233557273323377
-2.2784470480221546
-1.223133804252419
-1.2237786959310695
-1.2245084614443886
-1.2252235409190007
-1.2261699399062345
-1.2272528144708441
-1.2284944775580529
-1.2299202310940403
-1.231558670780708
-1.2334420247863962
-1.2354922774987271
-1.2379785691945207
-1.2408321143074803
-1.2441036594755708
-1.2477354588854526
-1.2519043184313956
-1.2567934213760323
-1.262250337841493
-1.268472041900631
-1.2755483285629499
-1.2834616119150228
-1.292543077060107
-1.302672840615931
-1.3140778923562761
-1.3268739539836565
-1.3411777178594928
-1.3571045279691085
-1.3746513261682338
-1.3941511913473226
-1.4154697092348651
-1.4388026620930643
-1.4642156540206503
-1.4917561093312306
-1.5213367159196056
-1.5531932447500931
-1.5871960601539148
-1.6233094201896574
-1.6613631611338373
-1.7015147174562981
-1.7435618484897093
-1.7874053558924439
-1.832937211883578
-1.8801588840488408
-1.928723028627315
-1.9786277446202813
-2.029873078044475
-2.082231927828889
-2.1355975095577437
-2.189869052360737
-2.244952467008671
-1.1908855547854291
-1.1914084867468113
-1.1921298750490514
-1.1929502292290932
-1.1938867112655112
-1.1949589629780484
-1.1961893467686142
-1.1976032147481743
-1.1991150266093136
-1.2009854383359326
-1.2031365075368776
-1.205608894087111
-1.2084480790838161
-1.2115907354095752
-1.2153214196391329
-1.2194745877737891
-1.2243473257575044
-1.2297873810709716
-1.2359915436064899
-1.2430495363594911
-1.250943811998616
-1.26000525952599
-1.2701141516330596
-1.2814973189820567
-1.2942704568137553
-1.3085502581861166
-1.3243378611737402
-1.341973042112348
-1.3613317758746561
-1.3826228233197386
-1.4059277564776003
-1.4311978750285113
-1.4587097805621765
-1.488376731809424
-1.5200906121278897
-1.5540660711700713
-1.59015296804975
-1.628181387804021
-1.6683088381663422
-1.7103332721126052
-1.754155585095004
-1.7996678030042648
-1.8467561148739717
-1.8953037288651047
-1.9451934380947615
-1.996425213234609
-2.048656433797695
-2.1020110841315534
-2.156272896605774
-2.2113476728415433
-1.158599636496921
-1.1592289064362993
-1.1599413776558933
-1.1607519765586314
-1.1616779035882243
-1.162738847223259
-1.1639572209962554
-1.1653584287901255
-1.1669711624094297
-1.1687136962393707
-1.1708504235743953
-1.1733079621852458
-1.1761318003678283
-1.1793726723574651
-1.1829730543947103
-1.1872233207560006
-1.1919646043595864
-1.1973865704253088
-1.203571891560278
-1.2106102120799016
-1.2185979605073367
-1.2275239247178935
-1.2376103264836231
-1.2489698897399877
-1.26171828139273
-1.2759721957519972
-1.291732897588101
-1.3092258599680415
-1.3285556521374866
-1.349816953716495
-1.373091534491749
-1.3983310173245633
-1.4258120619906782
-1.4553337303425316
-1.4871319615842513
-1.5209630957839444
-1.5570212584688548
-1.5950221916042577
-1.6351234608520782
-1.6770081929649319
-1.7208073924354426
-1.7662981994445153
-1.8133668223376647
-1.8618964520790018
-1.9117698337720632
-1.962986851012585
-2.015204831956746
-2.0685476372262217
-2.1227988993306712
-2.177864302527545
-1.1265107866143482
-1.1271314887776043
-1.1278344735671664
-1.1286346949056028
-1.1295493928593916
-1.1305983040657301
-1.1318038948104356
-1.1331916222667215
-1.1347902281280764
-1.136632067046135
-1.1387534699453545
-1.141195139436954
-1.1440025711742652
-1.1471126658969704
-1.1508094521783045
-1.1549277989847326
-1.1597641812704416
-1.1651667246660184
-1.171331811981488
-1.1782352357510046
-1.1862008261141668
-1.195103721349034
-1.2052797003824705
-1.2166138387762866
-1.2292216624971914
-1.2434476078698233
-1.2591792493862306
-1.2766419916404619
-1.2959405281049072
-1.3171697085685732
-1.3402972463088638
-1.3656178573778008
-1.39295113769569
-1.4224395921448723
-1.4542049837128346
-1.48800407540106
-1.523916398429114
-1.5618874927499382
-1.6019603267605844
-1.64381831343542
-1.6875924849362
-1.732944962048031
-1.7799921678295012
-1.8285022330601604
-1.8783578512881678
-1.9295588063740625
-1.981762382465865
-2.0350922947514825
-2.089216560282683
-2.1442717121917396
-1.0945110942681295
-1.0951226848698146
-1.0958155827972034
-1.0966047700290642
-1.0975075273431325
-1.0985436409693365
-1.0997356314959958
-1.1011090108117563
-1.1026925715669216
-1.1046324724578882
-1.106737523024136
-1.1091622460824075
-1.1118384527431204
-1.115044239029922
-1.1187222650088797
-1.1228213192596097
-1.1276375326976527
-1.1330192411600415
-1.1391625982828655
-1.1460434430926933
-1.1539852305997536
-1.162863282100044
-1.1728993433739485
-1.184206022909534
-1.1968989250021531
-1.2109809178452111
-1.2266811615276791
-1.2441112333372468
-1.2633759625195315
-1.2845703845480838
-1.3076625262181394
-1.3328329416967972
-1.3601300981269429
-1.38958255511061
-1.4211978337015307
-1.4549620978491489
-1.4908406753152124
-1.5288941298848278
-1.568821326022561
-1.610650272990737
-1.6542822426616155
-1.6997245472528133
-1.746748553910454
-1.7951221950965932
-1.844958488859214
-1.896141963896928
-1.948329868158499
-2.001530304373044
-2.0557575098749536
-2.110801551384469
-1.0627214470414827
-1.0633233343891193
-1.0640054844301345
-1.0647829088905598
-1.065672931826434
-1.066695392238616
-1.0678728685110657
-1.069230930749067
-1.0707984257702359
-1.0727214025538414
-1.0748090097136844
-1.0772156413047755
-1.0799868015731642
-1.0830596801212256
-1.0867176207631934
-1.0909094921528264
-1.0955906021617796
-1.1009499615555765
-1.1070699818275738
-1.1140400294052764
-1.121842748693034
-1.1306940626867772
-1.1407020028432873
-1.1519791132363646
-1.1646409636562263
-1.1786905489870614
-1.1943569224157187
-1.211751754325872
-1.2308661437903037
-1.2520229484917058
-1.2750767923927524
-1.3002083701179696
-1.3274664771867297
-1.3568800228708968
-1.3883424847540327
-1.4220690592410072
-1.4579111142315262
-1.4958147497123602
-1.5357085103845998
-1.5775059252500077
-1.6211084031725398
-1.6665233158985924
-1.7134069806465848
-1.7618727106073213
-1.8116880605172345
-1.8627372836333222
-1.914908138595103
-1.9680933144863553
-2.022306907446002
-2.0772233517261425
-1.0310351515811944
-1.0315129848264941
-1.0322974436673207
-1.0330623621682435
-1.033938844714982
-1.0349467845498184
-1.0361088194427546
-1.0375640954666303
-1.0391144244446233
-1.04090587506891
-1.042974881317341
-1.0453622050025064
-1.0481133508367584
-1.0512789998871375
-1.0549154468868627
-1.0589717044063403
-1.0637431064592202
-1.0690784779373672
-1.0751734452572825
-1.0820039594444133
-1.0898926130450668
-1.0987151564789481
-1.1086928358350285
-1.119938126261979
-1.1324530625207077
-1.1464676746790825
-1.1620974718678614
-1.1794542265031074
-1.1985293044671428
-1.2195317049667824
-1.242544104331031
-1.2676336407182431
-1.2948494673103121
-1.32410665468485
-1.3556417674998475
-1.3892131968520853
-1.4250156447680684
-1.4628812513905296
-1.5026241070398783
-1.544387282185715
-1.5879577348279568
-1.633227902372998
-1.6801991897706232
-1.7285247182946737
-1.7783172197510935
-1.8293458075019993
-1.8814981157024133
-1.9346666911321595
-1.9887500398904598
-2.0437687547758987
-0.9994602275476524
-1.0000408318761156
-1.000699412873672
-1.0014510430508956
-1.0023131361629165
-1.0034190626588073
-1.0045646104481627
-1.0058889587669535
-1.0075343729762112
-1.0093067219485445
-1.0113558462263657
-1.013722526681062
-1.0164522679441763
-1.0195957304662029
-1.0232091674629182
-1.0272417238519735
-1.0319882665269438
-1.0372979110552605
-1.0433659779015345
-1.0501684886823244
-1.05802753435434
-1.0668191230612292
-1.0767642121671197
-1.087861955858662
-1.1004542287426387
-1.1144311544999455
-1.1299081083418057
-1.1472237131531775
-1.166256316449734
-1.187214963222425
-1.2101826231253994
-1.2351128873342574
-1.2622829279068017
-1.29149457081419
-1.3228703734842222
-1.3565119260128933
-1.3921571240746116
-1.4298669501828527
-1.4696851308707213
-1.511296527661464
-1.554832202655576
-1.6000700936159973
-1.6468966002872234
-1.6953099408243646
-1.7449625243129436
-1.7959686662238172
-1.8481007998905747
-1.901251317998132
-1.955318560952052
-2.010322950123407
-0.9680053271342022
-0.9685742872083758
-0.9693333357105541
-0.9700707951503594
-0.9709175377816035
-0.9720068160861476
-0.9731348273160587
-0.9744406476082992
-0.9760663978588021
-0.9778183957135491
-0.9798463216819868
-0.9823039761284624
-0.9850108179565364
-0.9881305385178548
-0.9916064042994549
-0.9957264808805898
-1.0003334804542152
-1.0057284396689612
-1.011654718211506
-1.0185400421420925
-1.026254348405971
-1.0350126291191404
-1.0449226154438276
-1.0560966281406519
-1.0685369462733525
-1.0824732186052608
-1.097907779509322
-1.1150657070511196
-1.134052408463465
-1.1549637512018613
-1.1777694022658582
-1.2027643010855313
-1.2297710472109062
-1.2589333766245066
-1.2902604123909545
-1.3237398984738473
-1.35933865311998
-1.3970038275016903
-1.4367794040018431
-1.478350644610759
-1.521848692300156
-1.5669367781493397
-1.6137309880382122
-1.6619997014978254
-1.7117404549793889
-1.7626070868469874
-1.8147172766890078
-1.8678481538647644
-1.921897879243513
-1.9768866824845652
-0.9367929615450964
-0.9374627353704396
-0.9380946259582643
-0.9388170333463879
-0.9397605666384438
-0.9407190140890693
-0.9419413971310299
-0.9432274244996037
-0.9448322078784105
-0.946562454044938
-0.9485677169669329
-0.951001616074073
-0.9536839962159689
-0.9567783304255233
-0.9603407753796926
-0.9643207152552054
-0.9690120764448447
-0.9742645152386932
-0.9801600178185164
-0.9870128142787951
-0.9946931276294197
-1.0034155983865654
-1.013287841884392
-1.0243092184332565
-1.036707804895273
-1.0506002153294973
-1.065989043832403
-1.083099256971054
-1.1020364619795993
-1.1227834437665212
-1.1456503767136266
-1.1704786771792142
-1.1974320623581052
-1.226427296086463
-1.257701513538007
-1.2911292539076382
-1.3266777903249545
-1.3642946789431618
-1.403909707783186
-1.4454374022174328
-1.488779904015121
-1.5338300309833082
-1.5805891658116105
-1.628825776053432
-1.6784222263697064
-1.7293775316284081
-1.7813487239453312
-1.834458238941131
-1.8884889121887847
-1.94334535019267
-0.9058324784402827
-0.9063758163278324
-0.9071061033132319
-0.9078124557126377
-0.9086254905526157
-0.9096781548182143
-0.910880424340738
-0.9121453967830478
-0.913727816785882
-0.9154348953526905
-0.9175286144927429
-0.919824511273536
-0.9224807703170418
-0.925547968537639
-0.9290822038513932
-0.9331455198405049
-0.9376937891218242
-0.9429144906186467
-0.9488894260124381
-0.9557073186823422
-0.9633511095933671
-0.9720351020418796
-0.9817541773832238
-0.9927329280680964
-1.0050865945272331
-1.018931792319273
-1.0342713491727054
-1.0513301592589268
-1.0701009494822116
-1.0907929813058113
-1.1134901778208204
-1.1382611768515154
-1.1651568320574976
-1.1940945488676498
-1.2253117336262855
-1.2585695972278723
-1.2939496283256693
-1.3315140348524421
-1.371079060580172
-1.4125595273081077
-1.4558577894019327
-1.5008667943170149
-1.5474731455349608
-1.595674890708224
-1.6452396228854684
-1.6960510972127927
-1.7481115872718567
-1.8010827017370659
-1.855092654977313
-1.9099306684596837
-0.8750210295840126
-0.8755503335600678
-0.8762648399788003
-0.8769541482344556
-0.8778613659573835
-0.8788939088761277
-0.8799621181653835
-0.8813172154841595
-0.882875777580286
-0.8845580935581894
-0.8866257577849196
-0.8888947699859153
-0.8915230869969334
-0.8945612493171606
-0.8980652911704059
-0.9020971661841488
-0.9066128937963278
-0.9119117884456057
-0.9177388033802376
-0.9245191938095253
-0.9321237517986186
-0.9407663669514794
-0.9504420055584232
-0.9613749099924459
-0.9736802621212285
-0.9873620785518158
-1.0026485022907274
-1.0196518489614572
-1.0383652449406648
-1.0589980474743053
-1.081521445053842
-1.1062306325596263
-1.1329505859024973
-1.1618260837470702
-1.1928678358644418
-1.2260651589818183
-1.2613863629426367
-1.298894049942218
-1.3382907380916325
-1.3797199788496992
-1.422855728479976
-1.4678200118586078
-1.5144998588834768
-1.5625489901593625
-1.61207927594085
-1.662859583279167
-1.7147768394558764
-1.7678379724353153
-1.8217101871122
-1.8765281654689605
-0.8444825683405361
-0.8449969147135702
-0.8456946341085657
-0.8463657636447735
-0.847253041375546
-0.8482641568217245
-0.8493097774558567
-0.8506407085342718
-0.8521738352050194
-0.8539419770322707
-0.8558696381912434
-0.858222068119373
-0.8608204901607641
-0.8638275792548321
-0.8672993007175187
-0.8712975111662775
-0.8757783533575367
-0.8809285192591583
-0.8868294899355893
-0.8935696527265709
-0.9011320855451084
-0.9096181888588728
-0.9193592241931596
-0.9301306765980799
-0.9423839828781256
-0.9560112811758824
-0.971240520345354
-0.9880715883921684
-1.0067230549244368
-1.027179129010649
-1.049749959494398
-1.0742794200904535
-1.1009321949919666
-1.1297405431333105
-1.160602254832054
-1.1937341744614756
-1.2289918245143696
-1.2663242252716487
-1.3056624244711639
-1.3469219678274162
-1.3900057604026217
-1.4349216373261324
-1.4814420683392924
-1.5294501844213573
-1.5789430600057834
-1.6296895206550153
-1.6815763000246353
-1.7344948971763212
-1.788342679511822
-1.8431388724323887
-0.8141160824399719
-0.814614562814158
-0.815294420974415
-0.8160585200012865
-0.8168123316764396
-0.8178006482911385
-0.8189343255793506
-0.8202394777371851
-0.8217454624299374
-0.8234851580370903
-0.825383392257123
-0.8277048712679094
-0.8302713819021277
-0.8333570169042444
-0.8367941387910017
-0.8406445768662443
-0.8451997545999392
-0.8503107953702391
-0.8561707274697845
-0.8627559851356117
-0.8702731786161826
-0.87882359396358
-0.8884023721577196
-0.899121066128858
-0.9113184384019833
-0.9248871104408792
-0.9399426145497398
-0.9567095287781833
-0.9752943142346058
-0.99568170999368
-1.0180691950559517
-1.042413980427829
-1.068994134230004
-1.0976166731065509
-1.12851981347376
-1.1614675921881172
-1.1965427448265549
-1.233808716451997
-1.2730835465992816
-1.314168978844787
-1.3573107466370253
-1.402059791889966
-1.4485317738629135
-1.4964954802725008
-1.5458330086363583
-1.5964277602587167
-1.6482813359006578
-1.7011701815903946
-1.755106584895902
-1.8097639077053203
-0.7840466324894309
-0.7845282078060035
-0.7851890604698349
-0.7859323261698666
-0.7867757517957352
-0.7877397213144436
-0.7888474272710644
-0.7901250677734577
-0.791602077095616
-0.7933113957006377
-0.7951781696194509
-0.7974665770263086
-0.8001104581050014
-0.8030487564499903
-0.806448870723736
-0.810372436950969
-0.8147758737175437
-0.81984499307118
-0.8256609034221534
-0.8322001408919993
-0.839668790028296
-0.8481679416963475
-0.8576928354364246
-0.8683548423964547
-0.8803803811518205
-0.8938859271477562
-0.908875422416688
-0.9254612579645903
-0.9439741176021355
-0.9642874520275682
-0.9864864234188745
-1.0108665431192507
-1.0372557552187562
-1.0658001677492004
-1.0965125022323339
-1.1293840721514137
-1.1642715248957
-1.2014657602076402
-1.2405581952237978
-1.2815787949644064
-1.3245453027258636
-1.3692375258565577
-1.415542430290979
-1.4634578085912873
-1.5127513279900016
-1.5633062198728047
-1.6151238302801927
-1.667980430853334
-1.721772843130004
-1.7765197128312038
-0.754175287077546
-0.754750748715456
-0.7553913673703191
-0.7560007272137264
-0.7569317827802031
-0.7578698449089213
-0.7589499067517184
-0.760198251040062
-0.7616443886915787
-0.7633213211934334
-0.7652658462313735
-0.7675189062201023
-0.7700147677067948
-0.7730262528510944
-0.7763867595919316
-0.7802690066528193
-0.7846295750668426
-0.7896537748070575
-0.7954225057210518
-0.8019123918690254
-0.8093289755011892
-0.817661908828118
-0.8271288983137118
-0.8377299960988862
-0.8496911696629061
-0.8631288923488822
-0.8779357623499079
-0.8945592981336541
-0.9128830109137133
-0.9330045203864663
-0.9551217324201524
-0.9793058759547335
-1.0056107790761588
-1.0339579773157204
-1.0645864063668462
-1.0972623502103453
-1.1321829634526168
-1.1691861563767914
-1.2080908090682374
-1.2490411726554025
-1.2919416495030165
-1.33645814878909
-1.3827061298596333
-1.4305692215665318
-1.4797004114990395
-1.5303268400858843
-1.5819905788178192
-1.6348121659256807
-1.6885733005885457
-1.74317708225769
-0.7246282755297089
-0.7251843415865256
-0.7258034553702408
-0.7265009507946536
-0.7272946920607216
-0.728205214630684
-0.7293670835644984
-0.7305841683842758
-0.7319973547214855
-0.7336397082267831
-0.7356590379257569
-0.7377633841851821
-0.7403311112049528
-0.7433016118549653
-0.746619730117095
-0.7504577470932436
-0.7547724025040766
-0.7597484832649166
-0.7654666655897181
-0.7719036527548666
-0.7792644210550371
-0.7875386842586278
-0.7968326792015787
-0.8074794186186739
-0.8192604629286065
-0.8325140966407816
-0.8473562812110743
-0.8637885340789173
-0.8819176774784158
-0.901953543630945
-0.9239827560243311
-0.947965019052603
-0.9741791046001477
-1.0024355569951091
-1.0328609313282129
-1.0654481599333263
-1.100168999597662
-1.136975092701114
-1.1757997716866329
-1.2166742500452792
-1.2593893796213513
-1.3038393719499068
-1.3500258023254053
-1.3977178594403408
-1.4467974270891764
-1.4972621984773369
-1.5488836165577917
-1.6015522023566564
-1.6552792636372904
-1.7098527236204248
-0.6954202316958954
-0.6959556646144848
-0.6965518914349705
-0.6972242802694713
-0.6981017667482323
-0.6989828427135053
-0.7000020657446155
-0.7012966790355275
-0.7026746871620356
-0.7043907855616938
-0.7062604308513349
-0.7084353585886007
-0.7109609998755403
-0.7137771608419494
-0.7170499720436729
-0.7208406613273931
-0.725216586450079
-0.7301411358349721
-0.7356947618010217
-0.7421854881848983
-0.7493759409939351
-0.7575872702168246
-0.7669256077183768
-0.7772805814667612
-0.7890985250340351
-0.8021633968685915
-0.8169235787594794
-0.8331590967530732
-0.8511993021508641
-0.8711430756722474
-0.892965901161304
-0.9168517097506501
-0.942855855190473
-0.9709019880776895
-1.0012298841780847
-1.033608430784845
-1.0682356688812968
-1.1049514559105218
-1.1435763154309018
-1.1843686409497958
-1.2268927406107955
-1.2712706774156606
-1.3172761609236159
-1.3649068219248026
-1.4139304070942225
-1.464229681676364
-1.5158051506280548
-1.5684325030766793
-1.6221226661783565
-1.676663270463649
