-8.0
-7.94949494949495
-7.898989898989899
-7.848484848484849
-7.797979797979798
-7.747474747474747
-7.696969696969697
-7.646464646464646
-7.595959595959596
-7.545454545454546
-7.494949494949495
-7.444444444444445
-7.393939393939394
-7.343434343434343
-7.292929292929293
-7.242424242424242
-7.191919191919192
-7.141414141414142
-7.090909090909091
-7.040404040404041
-6.98989898989899
-6.9393939393939394
-6.888888888888889
-6.838383838383838
-6.787878787878788
-6.737373737373737
-6.686868686868687
-6.636363636363637
-6.585858585858586
-6.5353535353535355
-6.484848484848484
-6.434343434343434
-6.383838383838384
-6.333333333333333
-6.282828282828283
-6.232323232323232
-6.181818181818182
-6.1313131313131315
-6.080808080808081
-6.03030303030303
-5.979797979797979
-5.929292929292929
-5.878787878787879
-5.828282828282829
-5.777777777777778
-5.7272727272727275
-5.6767676767676765
-5.626262626262626
-5.575757575757576
-5.525252525252525
-5.474747474747475
-5.424242424242424
-5.373737373737374
-5.3232323232323235
-5.272727272727273
-5.222222222222222
-5.171717171717171
-5.121212121212121
-5.070707070707071
-5.020202020202021
-4.96969696969697
-4.919191919191919
-4.8686868686868685
-4.818181818181818
-4.767676767676768
-4.717171717171717
-4.666666666666666
-4.616161616161616
-4.565656565656566
-4.515151515151516
-4.4646464646464645
-4.414141414141414
-4.363636363636363
-4.313131313131313
-4.262626262626263
-4.212121212121213
-4.161616161616162
-4.111111111111111
-4.0606060606060606
-4.01010101010101
-3.9595959595959593
-3.909090909090909
-3.858585858585859
-3.808080808080808
-3.757575757575758
-3.7070707070707067
-3.6565656565656566
-3.6060606060606064
-3.5555555555555554
-3.505050505050505
-3.454545454545455
-3.404040404040404
-3.353535353535354
-3.3030303030303028
-3.2525252525252526
-3.2020202020202024
-3.1515151515151514
-3.101010101010101
-3.05050505050505
-3.0
