-11.0
-10.94949494949495
-10.8989898989899
-10.848484848484848
-10.797979797979798
-10.747474747474747
-10.696969696969697
-10.646464646464647
-10.595959595959595
-10.545454545454545
-10.494949494949495
-10.444444444444445
-10.393939393939394
-10.343434343434343
-10.292929292929292
-10.242424242424242
-10.191919191919192
-10.141414141414142
-10.090909090909092
-10.04040404040404
-9.98989898989899
-9.93939393939394
-9.88888888888889
-9.83838383838384
-9.787878787878787
-9.737373737373737
-9.686868686868687
-9.636363636363637
-9.585858585858587
-9.535353535353536
-9.484848484848484
-9.434343434343434
-9.383838383838384
-9.333333333333334
-9.282828282828284
-9.232323232323232
-9.181818181818182
-9.131313131313131
-9.080808080808081
-9.030303030303031
-8.97979797979798
-8.929292929292929
-8.878787878787879
-8.828282828282829
-8.777777777777779
-8.727272727272727
-8.676767676767676
-8.626262626262626
-8.575757575757576
-8.525252525252526
-8.474747474747474
-8.424242424242424
-8.373737373737374
-8.323232323232324
-8.272727272727273
-8.222222222222221
-8.171717171717171
-8.121212121212121
-8.070707070707071
-8.02020202020202
-7.96969696969697
-7.919191919191919
-7.8686868686868685
-7.818181818181818
-7.767676767676768
-7.717171717171717
-7.666666666666666
-7.616161616161616
-7.565656565656566
-7.515151515151516
-7.4646464646464645
-7.414141414141414
-7.363636363636363
-7.313131313131313
-7.262626262626263
-7.212121212121213
-7.161616161616162
-7.111111111111111
-7.0606060606060606
-7.01010101010101
-6.959595959595959
-6.909090909090909
-6.858585858585859
-6.808080808080808
-6.757575757575758
-6.707070707070707
-6.656565656565657
-6.606060606060606
-6.555555555555555
-6.505050505050505
-6.454545454545455
-6.404040404040404
-6.353535353535354
-6.303030303030303
-6.252525252525253
-6.202020202020202
-6.151515151515151
-6.101010101010101
-6.05050505050505
-6.0
