1.0
1.0612244897959184
1.1224489795918366
1.183673469387755
1.2448979591836735
1.306122448979592
1.3673469387755102
1.4285714285714286
1.489795918367347
1.5510204081632653
1.6122448979591837
1.6734693877551021
1.7346938775510203
1.7959183673469388
1.8571428571428572
1.9183673469387754
1.9795918367346939
2.0408163265306123
2.1020408163265305
2.163265306122449
2.2244897959183674
2.2857142857142856
2.3469387755102042
2.4081632653061225
2.4693877551020407
2.5306122448979593
2.5918367346938775
2.6530612244897958
2.7142857142857144
2.7755102040816326
2.836734693877551
2.8979591836734695
2.9591836734693877
3.020408163265306
3.0816326530612246
3.142857142857143
3.204081632653061
3.2653061224489797
3.326530612244898
3.387755102040816
3.4489795918367347
3.510204081632653
3.571428571428571
3.63265306122449
3.693877551020408
3.7551020408163263
3.816326530612245
3.877551020408163
3.9387755102040813
4.0
