10.0
11.513953993264476
13.257113655901088
15.264179671752334
17.57510624854792
20.235896477251575
23.29951810515372
26.826957952797258
30.888435964774818
35.564803062231285
40.94915062380425
47.14866363457394
54.286754393238596
62.50551925273973
71.96856730011521
82.86427728546842
95.40954763499938
109.85411419875584
126.48552168552958
145.63484775012444
167.68329368110082
193.06977288832496
222.29964825261956
255.95479226995357
294.705170255181
339.32217718953297
390.6939937054617
449.8432668969444
517.9474679231213
596.3623316594643
686.6488450042998
790.6043210907702
910.2981779915218
1048.1131341546852
1206.792640639329
1389.4954943731375
1599.8587196060573
1842.0699693267163
2120.9508879201903
2442.05309454865
2811.7686979742307
3237.457542817643
3727.593720314938
4291.934260128778
4941.713361323833
5689.866029018293
6551.285568595509
7543.120063354615
8685.11373751352
10000.0
